Inicio, Continuar, Recep_Num_Muestras, Ampliacion_Array, Recepcion, Convolucion, Historial, Devolucion, Num_Muestras
613002032450388, 613002879860348, 613002879884792, 613002879944569, 613002880582303, 613002893903420, 613002893909013, 613002907224241, 8192
613002910685279, 613003705472318, 613003705489652, 613003705491855, 613003705603336, 613003715580748, 613003715585525, 613003768206260, 8191
613003776827650, 613004518062409, 613004518085890, 613004518088001, 613004518494460, 613004528476761, 613004528481687, 613004530774051, 8192
613004531493821, 613005343714619, 613005343746360, 613005343748489, 613005344095356, 613005352380360, 613005352382138, 613005353177870, 8191
613005355843397, 613006155769530, 613006155781123, 613006155781993, 613006155915196, 613006159216420, 613006159218290, 613006159864950, 8192
613006160203205, 613006977227730, 613006977255952, 613006977257915, 613006977552560, 613006987616397, 613006987621582, 613006989564950, 8191
613006990513477, 613007794222032, 613007794255125, 613007794257032, 613007794575603, 613007804753939, 613007804759198, 613007806823805, 8192
613007807538298, 613008613315776, 613008613343849, 613008613345923, 613008613638865, 613008624446731, 613008624451453, 613008627148758, 8191
613008627853991, 613009432558424, 613009432591609, 613009432593905, 613009432877662, 613009442791352, 613009442796445, 613009444929459, 8192
613009445623933, 613010251431818, 613010251444373, 613010251445392, 613010251586909, 613010254908429, 613010254910225, 613010255529700, 8191
613010255777956, 613011070790021, 613011070828039, 613011070830335, 613011071104388, 613011081025652, 613011081030541, 613011083115259, 8192
613011083623939, 613011889913781, 613011889945522, 613011889947522, 613011890271370, 613011900266764, 613011900272263, 613011902476888, 8191
613011902993420, 613012709114634, 613012709150578, 613012709152800, 613012709475612, 613012719386117, 613012719390617, 613012721703611, 8192
613012722235531, 613013528321301, 613013528348616, 613013528350486, 613013528650612, 613013538602266, 613013538607284, 613013540872278, 8191
613013541404680, 613014347228138, 613014347236916, 613014347237805, 613014347389340, 613014350695860, 613014350697527, 613014351320113, 8192
613014351565407, 613015166494156, 613015166525786, 613015166528008, 613015166808135, 613015176719751, 613015176724695, 613015178809988, 8191
613015179304223, 613015985692046, 613015985723601, 613015985725471, 613015986044005, 613015995975380, 613015995980306, 613015996499041, 8192
613015997043258, 613016804739640, 613016807311131, 613016807312890, 613016807625035, 613016817709909, 613016817715372, 613016818102331, 8191
613016818629733, 613017624019584, 613017624070306, 613017624072213, 613017624452246, 613017634367103, 613017634371992, 613017634874635, 8192
613017635379148, 613018443599173, 613018443612358, 613018443613561, 613018443783171, 613018447087617, 613018447089432, 613018447318225, 8191
613018447565612, 613019264392452, 613019264432970, 613019264434711, 613019264750448, 613019274659916, 613019274664546, 613019275185929, 8192
613019275683480, 613020081395623, 613020081434771, 613020081436975, 613020081742083, 613020091788327, 613020091793494, 613020092314748, 8191
613020092834890, 613020900645863, 613020900679437, 613020900681493, 613020900995508, 613020910914643, 613020910919532, 613020911464470, 8192
613020911990816, 613021721717010, 613021721758583, 613021721760787, 613021722080043, 613021732037622, 613021732041900, 613021732531617, 8191
613021733036704, 613022538739366, 613022538753181, 613022538754273, 613022538917494, 613022542234440, 613022542236366, 613022542420716, 8192
613022542655065, 613023357792238, 613023357800960, 613023357802145, 613023357974699, 613023361280663, 613023361282497, 613023361473291, 8191
613023361731751, 613024179301916, 613024179339323, 613024179341508, 613024179639857, 613024189558510, 613024189563436, 613024190095671, 8192
613024190837645, 613024996354568, 613024996387994, 613024996390123, 613024996685990, 613025006586126, 613025006590885, 613025010905431, 8191
613025011447740, 613025816404169, 613025816435113, 613025816436910, 613025816743573, 613025826729504, 613025826734578, 613025829199959, 8192
613025829878044, 613026636335087, 613026636363160, 613026636365179, 613026636649954, 613026646604718, 613026646609533, 613026648697677, 8191
613026649201820, 613027453613940, 613027453627180, 613027453628125, 613027453782864, 613027457122902, 613027457124995, 613027457879765, 8192
613027458135188, 613028272966956, 613028272993937, 613028272995992, 613028273296859, 613028283241346, 613028283246272, 613028285230528, 8191
613028285734153, 613029092125085, 613029092191528, 613029092193491, 613029092515580, 613029102457252, 613029102462159, 613029104703024, 8192
613029105381128, 613029911203807, 613029911231010, 613029911232899, 613029911510526, 613029921478031, 613029921482845, 613029923523009, 8191
613029924080133, 613030730410769, 613030730444028, 613030730445916, 613030730756172, 613030740689659, 613030740694696, 613030742961061, 8192
613030743471555, 613031549339455, 613031549351678, 613031549352715, 613031549512583, 613031552821418, 613031552823381, 613031553627336, 8191
613031553881425, 613032368697712, 613032368724471, 613032368726396, 613032369005208, 613032379013324, 613032379018713, 613032381001525, 8192
613032381504260, 613033187800952, 613033187835063, 613033187837007, 613033188178207, 613033198072916, 613033198077731, 613033200386095, 8191
613033202209335, 613034007035968, 613034007070468, 613034007072690, 613034007347558, 613034018307274, 613034018312478, 613034020455788, 8192
613034020984338, 613034826150060, 613034826177764, 613034826180078, 613034826490112, 613034836465395, 613034836470450, 613034838460021, 8191
613034838958831, 613035645108302, 613035645120302, 613035645121765, 613035645281170, 613035648594542, 613035648596394, 613035649387997, 8192
613035649634161, 613036464215894, 613036464226079, 613036464226893, 613036464374059, 613036467668338, 613036467670023, 613036468320128, 8191
613036468565958, 613037284169291, 613037284181809, 613037284182958, 613037284336345, 613037287633847, 613037287635532, 613037287827622, 8192
613037288177507, 613038103194772, 613038103210735, 613038103211939, 613038103374585, 613038106681068, 613038106682809, 613038107059713, 8191
613038107316525, 613038921721000, 613038921731555, 613038921732111, 613038921898998, 613038925211536, 613038925213351, 613038925398942, 8192
613038925651884, 613039740788795, 613039740805239, 613039740806517, 613039740964627, 613039744275258, 613039744277202, 613039744476385, 8191
613039744935714, 613040560743414, 613040560763711, 613040560764377, 613040560918172, 613040564234618, 613040564236062, 613040564429949, 8192
613040564669243, 613041379803321, 613041379815673, 613041379816784, 613041379981671, 613041383287432, 613041383289450, 613041383481171, 8191
613041383718131, 613042198991337, 613042199009781, 613042199010781, 613042199164483, 613042202474374, 613042202476207, 613042202809407, 8192
613042203048442, 613043017414491, 613043017427676, 613043017428972, 613043017588841, 613043020899935, 613043020901787, 613043021096804, 8191
613043021347579, 613043837313944, 613043837330462, 613043837331536, 613043837494479, 613043840815147, 613043840816962, 613043841005608, 8192
613043841241402, 613044656424294, 613044656436405, 613044656437349, 613044656599996, 613044659895183, 613044659896961, 613044660119606, 8191
613044660355159, 613045474904817, 613045474917762, 613045474918947, 613045475078760, 613045478536816, 613045478538371, 613045478794054, 8192
613045479055236, 613046294001630, 613046294017704, 613046294018778, 613046294174647, 613046297483723, 613046297485649, 613046297680795, 8191
613046297912089, 613047113188146, 613047113203961, 613047113205053, 613047113361885, 613047116675757, 613047116677257, 613047116864885, 8192
613047117119382, 613047933056951, 613047933078099, 613047933078913, 613047933239819, 613047936553321, 613047936555173, 613047936751615, 8191
613047936992075, 613048753782616, 613048753814449, 613048753816394, 613048754119742, 613048764318152, 613048764322948, 613048764594723, 8192
613048766514332, 613049570869876, 613049570898709, 613049570900821, 613049571229891, 613049581170878, 613049581175785, 613049581701409, 8191
613049585756625, 613050396261566, 613050396288103, 613050396290122, 613050396428139, 613050406389977, 613050406394514, 613050410948298, 8192
613050411518107, 613051209049372, 613051209079501, 613051209081316, 613051209386276, 613051219354244, 613051219359021, 613051219837331, 8191
613051220372751, 613052028832473, 613052028843158, 613052028844270, 613052029020120, 613052032330381, 613052032332232, 613052032578896, 8192
613052034009196, 613052847888045, 613052847899249, 613052847900730, 613052848098321, 613052851386304, 613052851387712, 613052851576617, 8191
613052851816559, 613053666400457, 613053666414364, 613053666415419, 613053666582418, 613053669893827, 613053669895641, 613053670083880, 8192
613053670319396, 613054486159873, 613054486169724, 613054486170724, 613054486347982, 613054489660095, 613054489661780, 613054489848259, 8191
613054490087072, 613055307047980, 613055307082925, 613055307084980, 613055307412125, 613055317342722, 613055317347759, 613055317875994, 8192
613055318366193, 613056126057793, 613056126093904, 613056126095682, 613056126421252, 613056136360220, 613056136364720, 613056136867622, 8191
613056137415080, 613056943161738, 613056943197959, 613056943200033, 613056943502419, 613056953458443, 613056953463405, 613056953949659, 8192
613056954465413, 613057766361080, 613057766387968, 613057766390116, 613057766722076, 613057776657136, 613057776662285, 613057777156761, 8191
613057777656681, 613058581315362, 613058581325491, 613058581326676, 613058581494582, 613058584807102, 613058584808639, 613058585008637, 8192
613058585266190, 613059401086259, 613059401095795, 613059401096944, 613059401265812, 613059404578203, 613059404579888, 613059404770071, 8191
613059405021235, 613060220288773, 613060220298198, 613060220299143, 613060220476419, 613060223772106, 613060223773643, 613060223972770, 8192
613060224223064, 613061038695036, 613061038705314, 613061038706332, 613061038878608, 613061042187480, 613061042189258, 613061042377756, 8191
613061042609142, 613061860072434, 613061860132248, 613061860134193, 613061860436115, 613061870467286, 613061870472008, 613061870865689, 8192
613061871388591, 613062679260485, 613062679290763, 613062679292522, 613062679606796, 613062689561783, 613062689566412, 613062690045555, 8191
613062690549587, 613063496349855, 613063496391354, 613063496393391, 613063496713906, 613063506622227, 613063506626634, 613063507174813, 8192
613063507734918, 613064315470295, 613064315510906, 613064315513017, 613064315790903, 613064325719834, 613064325724630, 613064327788275, 8191
613064328498786, 613065134497181, 613065134514162, 613065134515033, 613065134671735, 613065137980107, 613065137981977, 613065138175679, 8192
613065138419584, 613065953601307, 613065953612603, 613065953613621, 613065953762805, 613065957067270, 613065957068936, 613065957717300, 8191
613065957970519, 613066772792005, 613066772802042, 613066772803005, 613066772958522, 613066776269857, 613066776271653, 613066776924924, 8192
613066777213514, 613067592091647, 613067592134573, 613067592136499, 613067592446866, 613067602466963, 613067602472018, 613067604789345, 8191
613067605328691, 613068411242050, 613068411276902, 613068411278790, 613068411567361, 613068421491255, 613068421495589, 613068423615899, 8192
613068424147505, 613069230335416, 613069230370712, 613069230372490, 613069230675987, 613069240637158, 613069240642306, 613069242929504, 8191
613069243455313, 613070049559522, 613070049588429, 613070049590540, 613070049894759, 613070059850930, 613070059856060, 613070062125313, 8192
613070062656863, 613070868493389, 613070868504908, 613070868506074, 613070868650702, 613070872073944, 613070872075703, 613070872937138, 8191
613070873197543, 613071687682439, 613071687691976, 613071687692976, 613071687858049, 613071691161736, 613071691163402, 613071691358622, 8192
613071691605583, 613072506789805, 613072506798972, 613072506799935, 613072506964229, 613072510279564, 613072510281138, 613072510461044, 8191
613072510696097, 613073332403249, 61307333241