Inicio, Continuar, Recep_Num_Muestras, Ampliacion_Array, Recepcion, Convolucion, Historial, Devolucion, Num_Muestras
613002030795980, 613002879881274, 613002879903588, 613002879973736, 613002880908744, 613002902744141, 613002902754048, 613002907004336, 8192
613002910841962, 613003728461684, 613003728481295, 613003728483554, 613003728605609, 613003762741782, 613003762748374, 613003762915687, 8191
613003780163355, 613004518083298, 613004518107538, 613004518109483, 613004518496090, 613004530546387, 613004530551072, 613004530709126, 8192
613004531505914, 613005343730712, 613005343755897, 613005343758212, 613005344114023, 613005353066020, 613005353067946, 613005353145241, 8191
613005355850360, 613006156350876, 613006156356969, 613006156357672, 613006156401153, 613006159690581, 613006159692007, 613006159841357, 8192
613006160206391, 613006978984970, 613006978996581, 613006978998396, 613006979094562, 613006989055511, 613006989059752, 613006989487692, 8191
613006990520921, 613007794238884, 613007794267847, 613007794270050, 613007794603954, 613007806617308, 613007806621900, 613007806756899, 8192
613007807548687, 613008613329516, 613008613352664, 613008613354868, 613008613662920, 613008626954982, 613008626959963, 613008627079573, 8191
613008627864917, 613009434307480, 613009434318646, 613009434320739, 613009434408849, 613009444340724, 613009444345502, 613009444855997, 8192
613009445634414, 613010251985552, 613010251990608, 613010251991367, 613010252050274, 613010255339276, 613010255340757, 613010255506107, 8191
613010255782012, 613011072614871, 613011072625538, 613011072627501, 613011072712056, 613011082617061, 613011082621579, 613011083047945, 8192
613011083632106, 613011889928744, 613011889957522, 613011889959911, 613011890290796, 613011902294890, 613011902299520, 613011902412222, 8191
613011903002012, 613012709132652, 613012709162041, 613012709164541, 613012709497593, 613012721508817, 613012721513576, 613012721635704, 8192
613012722247105, 613013528335079, 613013528359801, 613013528362041, 613013528678408, 613013540689391, 613013540694410, 613013540807390, 8191
613013541413976, 613014347783114, 613014347788614, 613014347789336, 613014347832595, 613014351135874, 613014351137337, 613014351298354, 8192
613014351568351, 613015168312600, 613015168322822, 613015168324748, 613015168408840, 613015178312215, 613015178316567, 613015178746007, 8191
613015179313594, 613015985704601, 613015985733823, 613015985735841, 613015986069412, 613015996076509, 613015996081250, 613015996433431, 8192
613015997054276, 613016804754992, 613016807320224, 613016807322298, 613016807644517, 613016817602540, 613016817607577, 613016818041998, 8191
613016818640121, 613017624034695, 613017624080824, 613017624082676, 613017624473653, 613017634381770, 613017634386066, 613017634808043, 8192
613017635387203, 613018443609117, 613018443623024, 613018443623932, 613018443796615, 613018447114617, 613018447116061, 613018447296985, 8191
613018447570038, 613019264407341, 613019264442692, 613019264444766, 613019264776707, 613019274712860, 613019274717360, 613019275117671, 8192
613019275692794, 613020081413475, 613020081447345, 613020081449382, 613020081762212, 613020091802920, 613020091807883, 613020092249600, 8191
613020092841723, 613020900660548, 613020900689215, 613020900691085, 613020901017915, 613020910959846, 613020910963994, 613020911399045, 8192
613020912025816, 613021721734176, 613021721769491, 613021721771491, 613021722102728, 613021732017733, 613021732022159, 613021732467451, 8191
613021733051222, 613022538751440, 613022538764292, 613022538764958, 613022538930364, 613022542247643, 613022542249162, 613022542398697, 8192
613022542659009, 613023357799775, 613023357813978, 613023357814941, 613023357987884, 613023361288885, 613023361290348, 613023361450865, 8191
613023361735251, 613024179317175, 613024179351434, 613024179353527, 613024179669375, 613024189632658, 613024189637269, 613024190030191, 8192
613024190849960, 613025000082584, 613025000094287, 613025000096269, 613025000188935, 613025010706452, 613025010711433, 613025010836765, 8191
613025011458407, 613025816418762, 613025816444632, 613025816446576, 613025816766314, 613025829014646, 613025829019368, 613025829132552, 8192
613025829878285, 613026638173419, 613026638184197, 613026638186048, 613026638272918, 613026648193516, 613026648197886, 613026648631937, 8191
613026649210190, 613027453624662, 613027453637236, 613027453637921, 613027453794030, 613027457796932, 613027457798580, 613027457856172, 8192
613027458138762, 613028274689067, 613028274700141, 613028274702085, 613028274795881, 613028284778330, 613028284782774, 613028285164733, 8191
613028285743541, 613029092137733, 613029092201602, 613029092203713, 613029092540765, 613029104518582, 613029104523508, 613029104640247, 8192
613029105394221, 613029913035399, 613029913046824, 613029913048584, 613029913133972, 613029923191772, 613029923196401, 613029923462195, 8191
613029924092614, 613030730424491, 613030730454046, 613030730456231, 613030730782339, 613030742767285, 613030742772007, 613030742897117, 8192
613030743481777, 613031549346344, 613031549357974, 613031549358863, 613031549525509, 613031553537411, 613031553539040, 613031553600947, 8191
613031553886203, 613032370480878, 613032370491711, 613032370493692, 613032370578340, 613032380559752, 613032380564103, 613032380939229, 8192
613032381513297, 613033187814711, 613033187844655, 613033187846785, 613033188202448, 613033200202912, 613033200207968, 613033200326466, 8191
613033202222205, 613034008861504, 613034008873486, 613034008875449, 613034008956281, 613034020271160, 613034020275901, 613034020389270, 8192
613034020997264, 613034827945430, 613034827956263, 613034827958152, 613034828079799, 613034838024137, 613034838028415, 613034838398504, 8191
613034838967794, 613035645117505, 613035645130376, 613035645131283, 613035645291837, 613035649303276, 613035649304942, 613035649361997, 8192
613035649638846, 613036464777499, 613036464782869, 613036464783591, 613036464826202, 613036468131963, 613036468133370, 613036468296720, 8191
613036468568477, 613037284178643, 613037284191106, 613037284192106, 613037284353696, 613037287642865, 613037287644291, 613037287806289, 8192
613037288181767, 613038103204865, 613038103218828, 613038103219716, 613038103388455, 613038106689050, 613038106690513, 613038107034342, 8191
613038107319006, 613038921726537, 613038921734629, 613038921735777, 613038921911738, 613038925214333, 613038925215796, 613038925377220, 8192
613038925653884, 613039740801369, 613039740812962, 613039740813906, 613039740977571, 613039744366720, 613039744368350, 613039744453145, 8191
613039744939214, 613040560759340, 613040560768840, 613040560769525, 613040560932079, 613040564231692, 613040564233655, 613040564407412, 8192
613040564672317, 613041379811488, 613041379825598, 613041379827117, 613041379997671, 613041383296580, 613041383298061, 613041383457838, 8191
613041383721409, 613042199006689, 613042199016929, 613042199017652, 613042199181854, 613042202733001, 613042202734445, 613042202787037, 8192
613042203050886, 613043017424398, 613043017436454, 613043017437787, 613043017602619, 613043020911361, 613043020912824, 613043021073563, 8191
613043021349986, 613043837323944, 613043837335221, 613043837336092, 613043837509534, 613043840818295, 613043840819721, 613043840981571, 8192
613043841244217, 613044656432812, 613044656445572, 613044656446664, 613044656615829, 613044659904498, 613044659906183, 613044660096903, 8191
613044660357548, 613045474910151, 613045474922317, 613045474923206, 613045475092389, 613045478711777, 613045478713332, 613045478768998, 8192
613045479057662, 613046294015019, 613046294026889, 613046294027538, 613046294190202, 613046297500112, 613046297501519, 613046297658332, 8191
613046297915403, 613047113199220, 613047113211646, 613047113212350, 613047113376051, 613047116682201, 613047116683646, 613047116840348, 8192
613047117123493, 613047933068043, 613047933081450, 613047933082117, 613047933256726, 613047936562154, 613047936563561, 613047936725560, 8191
613047936995372, 613048753797320, 613048753825894, 613048753827838, 613048754143224, 613048764051896, 613048764056192, 613048764522354, 8192
613048766522758, 613049570883487, 613049570907617, 613049570909765, 613049571254595, 613049581205988, 613049581210229, 613049581618743, 8191
613049585756829, 613050396282362, 613050396302603, 613050396304566, 613050396454416, 613050406352607, 613050406357347, 613050410879707, 8192
613050411528033, 613051209066298, 613051209091909, 613051209093890, 613051209410442, 613051219367058, 613051219371836, 613051219776258, 8191
613051220387418, 613052028843973, 613052028859177, 613052028859899, 613052029034249, 613052032334195, 613052032335658, 613052032550471, 8192
613052034013103, 613052847894397, 613052847905786, 613052847906805, 613052848076136, 613052851368471, 613052851370434, 613052851552914, 8191
613052851819096, 613053666411697, 613053666423790, 613053666425141, 613053666594806, 613053669913345, 613053669914771, 613053670059473, 8192
613053670322229, 613054486167854, 613054486181298, 613054486182484, 613054486360778, 613054489662780, 613054489664261, 613054489827426, 8191
613054490091720, 613055307064351, 613055307095073, 613055307097110, 613055307436847, 613055317400407, 613055317404833, 613055317813347, 8192
613055318376360, 613056126072367, 613056126106145, 613056126108163, 613056126447215, 613056136357480, 613056136362554, 613056136801493, 8191
613056137425542, 613056943174756, 613056943208885, 613056943210867, 613056943524549, 613056953485127, 613056953489424, 613056953889568, 8192
613056954477098, 613057766379487, 613057766399190, 613057766401542, 613057766739335, 613057776698562, 613057776702951, 613057777088965, 8191
613057777668089, 613058581324880, 613058581339806, 613058581340750, 613058581512471, 613058584819972, 613058584821583, 613058584984137, 8192
613058585270764, 613059401094240, 613059401106166, 613059401107240, 613059401282127, 613059404587666, 613059404589480, 613059404747608, 8191
613059405024698, 613060220298921, 613060220310698, 613060220311735, 613060220496252, 613060223785198, 613060223786624, 613060223949474, 8192
613060224227120, 613061038700295, 613061038709091, 613061038709962, 613061038894904, 613061042196295, 613061042197721, 613061042357201, 8191
613061042612420, 613061860087971, 613061860142674, 613061860144600, 613061860462226, 613061870363139, 613061870368065, 613061870801968, 8192
613061871398924, 613062679279485, 613062679302633, 613062679304836, 613062679629463, 613062689794799, 613062689800206, 613062689978111, 8191
613062690562920, 613063496362558, 613063496402206, 613063496404725, 613063496739573, 613063506639726, 613063506644412, 613063507105684, 8192
613063507746696, 613064317324720, 613064317337442, 613064317339405, 613064317425071, 613064327369539, 613064327373946, 613064327728220, 8191
613064328511489, 613065134513181, 613065134524477, 613065134525218, 613065134684661, 613065138018995, 613065138020773, 613065138153938, 8192
613065138423954, 613065954175430, 613065954181041, 613065954181745, 613065954224504, 613065957530098, 613065957531857, 613065957693782, 8191
613065957975593, 613066773379388, 613066773384777, 613066773385499, 613066773429684, 613066776734574, 613066776736000, 613066776901480, 8192
613066777217847, 613067592109814, 613067592145813, 613067592147795, 613067592468903, 613067604588014, 613067604592699, 613067604721679, 8191
613067605340543, 613068413122530, 613068413134122, 613068413136011, 613068413222955, 613068423162349, 613068423166682, 613068423553715, 8192
613068424162468, 613069230351305, 613069230382638, 613069230385064, 613069230701820, 613069242741395, 613069242745987, 613069242864634, 8191
613069243471072, 613070049575873, 613070049600540, 613070049602780, 613070049919388, 613070061933038, 613070061937593, 613070062055518, 8192
613070062670808, 613070869369306, 613070869375250, 613070869375824, 613070869419509, 613070872858176, 613070872859861, 613070872914490, 8191
613070873202691, 613071687691124, 613071687703254, 613071687704310, 613071687874882, 613071691174439, 613071691175995, 613071691337586, 8192
613071691610231, 613072506797768, 613072506812564, 613072506813953, 613072506980877, 613072510284749, 613072510286305, 613072510441062, 8191
613072510701152, 613073332410712, 61307333241