Inicio, Continuar, Recep_Num_Muestras, Ampliacion_Array, Recepcion, Convolucion, Historial, Devolucion, Num_Muestras
608872449719310, 608873012168202, 608873012174035, 608873012187516, 608873012425125, 608873017859394, 608873017861487, 608873018343240, 8192
608873020435290, 608873556758711, 608873556775804, 608873556777581, 608873556934098, 608873561864929, 608873561866855, 608873562011909, 8191
608873562221184, 608874102826648, 608874102841722, 608874102843407, 608874103060312, 608874108220084, 608874108221695, 608874108370601, 8192
608874108571210, 608874648875863, 608874648891529, 608874648892992, 608874649041120, 608874653968432, 608874653970265, 608874654102949, 8191
608874654297354, 608875195016761, 608875195031317, 608875195032928, 608875195173426, 608875200182978, 608875200184645, 608875200304088, 8192
608875200613621, 608875741106327, 608875741121994, 608875741124345, 608875741278566, 608875746206749, 608875746208545, 608875746345951, 8191
608875746546226, 608876287225263, 608876287240559, 608876287242374, 608876287396928, 608876292345703, 608876292347277, 608876292472849, 8192
608876292661977, 608876833278811, 608876833294181, 608876833295218, 608876833445457, 608876838373881, 608876838375695, 608876838511360, 8191
608876838712728, 608877379417506, 608877379432043, 608877379433691, 608877379577986, 608877384510372, 608877384511983, 608877384643574, 8192
608877384815553, 608877925487054, 608877925502683, 608877925504146, 608877925650052, 608877930588734, 608877930590160, 608877930711696, 8191
608877930828028, 608878471617471, 608878471632045, 608878471633563, 608878471778302, 608878476715059, 608878476716800, 608878476861242, 8192
608878476981667, 608879017693926, 608879017709055, 608879017711222, 608879017863535, 608879022801273, 608879022803292, 608879022931697, 8191
608879023056400, 608879563796029, 608879563810528, 608879563811565, 608879563961230, 608879568893746, 608879568895506, 608879569033319, 8192
608879569150780, 608880109899817, 608880109915409, 608880109917298, 608880110061666, 608880115003071, 608880115004534, 608880115133699, 8191
608880115250420, 608880656013401, 608880656033030, 608880656033993, 608880656186454, 608880661125563, 608880661127026, 608880661252894, 8192
608880661363782, 608881202069356, 608881202083467, 608881202084893, 608881202229891, 608881207483625, 608881207485051, 608881207605902, 8191
608881207717660, 608881748211014, 608881748225828, 608881748226884, 608881748375104, 608881753303713, 608881753305528, 608881753441619, 8192
608881753561543, 608882294279265, 608882294294524, 608882294296728, 608882294439393, 608882299366612, 608882299368483, 608882299505166, 8191
608882299619276, 608882840406127, 608882840419997, 608882840420960, 608882840572310, 608882845501289, 608882845503122, 608882845644806, 8192
608882845767064, 608883386475248, 608883386489748, 608883386491656, 608883386636098, 608883391575133, 608883391576651, 608883391701687, 8191
608883391815482, 608883932629295, 608883932643906, 608883932645832, 608883932794349, 608883937723198, 608883937725013, 608883937851752, 8192
608883937971102, 608884478679787, 608884478694750, 608884478695935, 608884478839656, 608884483766005, 608884483767820, 608884483899985, 8191
608884484024298, 608885024817538, 608885024832834, 608885024834593, 608885024980591, 608885029921866, 608885029923329, 608885030041346, 8192
608885030154252, 608885570886011, 608885570899307, 608885570900270, 608885571049028, 608885576432427, 608885576434020, 608885576561815, 8191
608885576749590, 608886117021132, 608886117036465, 608886117038206, 608886117182389, 608886122111239, 608886122113164, 608886122245404, 8192
608886122361162, 608886663089309, 608886663103031, 608886663103976, 608886663262603, 608886668265859, 608886668267433, 608886668392487, 8191
608886668504319, 608887209205560, 608887209219837, 608887209220708, 608887209368058, 608887214309407, 608887214311259, 608887214438794, 8192
608887214543089, 608887755280385, 608887755295607, 608887755296644, 608887755449087, 608887760381066, 608887760382751, 608887760511453, 8191
608887760627229, 608888301417691, 608888301432746, 608888301434802, 608888301573522, 608888306500335, 608888306502057, 608888306648463, 8192
608888306886164, 608888847498812, 608888847513868, 608888847515923, 608888847654051, 608888852600863, 608888852602308, 608888852733177, 8191
608888852845638, 608889393604396, 608889393618137, 608889393619489, 608889393764061, 608889398692207, 608889398694040, 608889398825150, 8192
608889398936426, 608889939664703, 608889939678277, 608889939679314, 608889939833053, 608889944782773, 608889944784199, 608889944906605, 8191
608889945016862, 608890485817676, 608890485833009, 608890485834379, 608890485979637, 608890490907690, 608890490909597, 608890491047799, 8192
608890491159891, 608891031879760, 608891031894519, 608891031896242, 608891032057629, 608891036992089, 608891036993922, 608891037122587, 8191
608891037237475, 608891578005085, 608891578019140, 608891578020085, 608891578166213, 608891583095451, 608891583097136, 608891583228172, 8192
608891583344800, 608892124093614, 608892124108539, 608892124110206, 608892124254778, 608892129196905, 608892129198757, 608892129376737, 8191
608892129492939, 608892670216401, 608892670231642, 608892670233531, 608892670381103, 608892675327100, 608892675328545, 608892675454839, 8192
608892675571616, 608893216306726, 608893216323207, 608893216325115, 608893216474335, 608893221402444, 608893221404296, 608893221531091, 8191
608893221773125, 608893762436551, 608893762453347, 608893762455199, 608893762603345, 608893767531620, 608893767533417, 608893767672693, 8192
608893767784877, 608894308485432, 608894308501209, 608894308503117, 608894308647115, 608894313575261, 608894313577242, 608894313707815, 8191
608894313822980, 608894854602275, 608894854616515, 608894854617534, 608894854768254, 608894859708122, 608894859710178, 608894859842695, 8192
608894859959804, 608895400681859, 608895400695896, 608895400697674, 608895400843820, 608895405771744, 608895405773577, 608895405920427, 8191
608895406040981, 608895946812554, 608895946826869, 608895946828461, 608895946971348, 608895952044048, 608895952045733, 608895952170232, 8192
608895952284008, 608896492865083, 608896492879231, 608896492880546, 608896493027118, 608896497966708, 608896497968412, 608896498099521, 8191
608896498217576, 608897039021630, 608897039035777, 608897039037240, 608897039176461, 608897044122181, 608897044123643, 608897044250809, 8192
608897044367178, 608897585081270, 608897585095529, 608897585097232, 608897585243657, 608897590170339, 608897590172136, 608897590306134, 8191
608897590416151, 608898131223094, 608898131239075, 608898131240649, 608898131382166, 608898136314478, 608898136316312, 608898136452273, 8192
608898136567161, 608898677291067, 608898677305382, 608898677306660, 608898677459084, 608898682399266, 608898682400840, 608898682529894, 8191
608898682641634, 608899223403373, 608899223416966, 608899223417651, 608899223570260, 608899228514109, 608899228515572, 608899228638552, 8192
608899228747773, 608899769480050, 608899769494976, 608899769496198, 608899769648696, 608899774588194, 608899774589749, 608899774719896, 8191
608899774830765, 608900315615264, 608900315630226, 608900315631615, 608900315776688, 608900320709926, 608900320711833, 608900320840795, 8192
608900320955404, 608900861662089, 608900861676681, 608900861677515, 608900861822698, 608900866748973, 608900866750566, 608900866883990, 8191
608900866994600, 608901407805654, 608901407819913, 608901407821172, 608901407970763, 608901412903705, 608901412905538, 608901413038814, 8192
608901413153591, 608901953877053, 608901953890720, 608901953891960, 608901954037496, 608901958963715, 608901958965308, 608901959095029, 8191
608901959212583, 608902499991063, 608902500013396, 608902500014433, 608902500172190, 608902505112854, 608902505114336, 608902505262982, 8192
608902505382981, 608903046081203, 608903046095443, 608903046096813, 608903046241590, 608903051185216, 608903051186661, 608903052096169, 8191
608903052227889, 608903592213434, 608903592227342, 608903592228619, 608903592378618, 608903597306263, 608903597308096, 608903597440095, 8192
608903597552242, 608904138284685, 608904138300074, 608904138302444, 608904138448813, 608904143377051, 608904143378866, 608904143510476, 8191
608904143723732, 608904684428454, 608904684443287, 608904684445065, 608904684583193, 608904689523912, 608904689525727, 608904689657244, 8192
608904689772650, 608905230487835, 608905230502483, 608905230504501, 608905230649629, 608905235589034, 608905235590626, 608905235715680, 8191
608905235827679, 608905776632918, 608905776647548, 608905776649048, 608905776797712, 608905781726932, 608905781728840, 608905781859968, 8192
608905781967485, 608906322693484, 608906322708317, 608906322710076, 608906322857352, 608906327810257, 608906327811794, 608906327940330, 8191
608906328062180, 608906868786661, 608906868801586, 608906868802586, 608906868947048, 608906873874675, 608906873876490, 608906874017710, 8192
608906874133375, 608907414885263, 608907414899189, 608907414900244, 608907415051428, 608907420328717, 608907420330292, 608907420456883, 8191
608907420569270, 608907961010958, 608907961025791, 608907961027606, 608907961171956, 608907966112101, 608907966113583, 608907966238878, 8192
608907966351191, 608908507083227, 608908507097486, 608908507099023, 608908507243596, 608908512188315, 608908512189760, 608908512317999, 8191
608908512452071, 608909053251366, 608909053266792, 608909053268718, 608909053419216, 608909058363658, 608909058365306, 608909058495341, 8192
608909058620525, 608909599272432, 608909599286914, 608909599288358, 608909599433542, 608909604376594, 608909604378409, 608909604501278, 8191
608909604615721, 608910145412794, 608910145428404, 608910145430071, 608910145570384, 608910150502326, 608910150504178, 608910150631732, 8192
608910150744546, 608910691469008, 608910691483933, 608910691486100, 608910691625654, 608910696561818, 608910696563762, 608910696711075, 8191
608910696827537, 608911237613758, 608911237628109, 608911237629072, 608911237774645, 608911242715790, 608911242717420, 608911242846826, 8192
608911242959972, 608911783681805, 608911783696508, 608911783698416, 608911783847655, 608911788781226, 608911788782930, 608911788912910, 8191
608911789028483, 608912329827351, 608912329841795, 608912329843388, 608912329982831, 608912334912013, 608912334913828, 608912335046660, 8192
608912335161640, 608912875870713, 608912875886287, 608912875887861, 608912876046582, 608912880986153, 608912880987783, 608912881120059, 8191
608912881228687, 608913422006519, 608913422020945, 608913422022037, 608913422168888, 608913427096422, 608913427098200, 608913427236939, 8192
608913427344660, 608913968091603, 608913968105751, 608913968107529, 608913968255935, 608913973364874, 608913973366430, 608913973483651, 8191
608913973697648, 608914514236001, 608914514250094, 608914514251538, 608914514397518, 608914519670011, 608914519671474, 608914519798269, 8192
608914519910083, 608915060283012, 608915060296882, 608915060298049, 608915060445065, 608915065374155, 608915065376007, 608915065503969, 8191
608915065617227, 608915606422169, 608915606436613, 608915606437595, 608915606590815, 608915611530850, 608915611532627, 608915611658904, 8192
608915611769662, 608916152482198, 608916152497383, 608916152499235, 608916152648492, 608916157587712, 608916157589323, 608916157724710, 8191
608916157838857, 608916698605467, 608916698619800, 608916698620763, 608916698770761, 608916703796591, 608916703798128, 608916703927626, 8192
608916704055254, 608917244678329, 608917244692569, 608917244693699, 608917244842641, 608917249782880, 608917249784435, 608917249907804, 8191
608917250020414, 608917790857023, 608917790871634, 608917790872763, 608917791016243, 608917796529104, 608917796530826, 608917796667824, 8192
608917796788656, 608918336888607, 608918336903681, 608918336904977, 608918337047902, 608918341993269, 608918341994769, 608918342115805, 8191
608918342228155, 608918883018728, 608918883032802, 608918883033820, 608918883188763, 608918888138093, 608918888139778, 608918888266555, 8192
608918888385016, 608919429085349, 608919429100627, 608919429102404, 608919429249662, 608919434176882, 608919434178511, 608919434313454, 8191
608919434430027, 608919975197896, 60891997521