Inicio, Continuar, Recep_Num_Muestras, Ampliacion_Array, Recepcion, Convolucion, Historial, Devolucion, Num_Muestras
608872452688682, 608873012178776, 608873012188257, 608873012220997, 608873012423199, 608873017860450, 608873017861931, 608873018151446, 8192
608873020440345, 608873556766989, 608873556778730, 608873556780693, 608873556932413, 608873561873558, 608873561875003, 608873561924891, 8191
608873562222517, 608874102833092, 608874102845277, 608874102846185, 608874103051312, 608874107995883, 608874107997809, 608874108273824, 8192
608874108573469, 608874648881511, 608874648893825, 608874648895010, 608874649038453, 608874653980376, 608874653981821, 608874654029709, 8191
608874654300336, 608875195023057, 608875195034946, 608875195035854, 608875195171056, 608875200115794, 608875200117831, 608875200229941, 8192
608875200615751, 608875741113290, 608875741125327, 608875741126605, 608875741276566, 608875746220137, 608875746221563, 608875746270637, 8191
608875746547930, 608876287231911, 608876287243911, 608876287244967, 608876287394317, 608876292340314, 608876292342240, 608876292396313, 8192
608876292664051, 608876833285163, 608876833296533, 608876833297107, 608876833443235, 608876838386566, 608876838387991, 608876838435732, 8191
608876838715839, 608877379421969, 608877379434617, 608877379435617, 608877379575152, 608877384521853, 608877384523316, 608877384569167, 8192
608877384817794, 608877925490961, 608877925506387, 608877925507405, 608877925648181, 608877930585438, 608877930587031, 608877930637048, 8191
608877930829454, 608878471623267, 608878471635582, 608878471636471, 608878471776080, 608878476725596, 608878476727059, 608878476777151, 8192
608878476983222, 608879017698833, 608879017712092, 608879017713222, 608879017860628, 608879022803347, 608879022804754, 608879022854661, 8191
608879023057585, 608879563799658, 608879563812973, 608879563813510, 608879563959119, 608879568907376, 608879568908783, 608879568955838, 8192
608879569153003, 608880109904557, 608880109918242, 608880109919501, 608880110059944, 608880115002071, 608880115003905, 608880115054978, 8191
608880115251494, 608880656019715, 608880656036678, 608880656037234, 608880656183454, 608880661124859, 608880661126655, 608880661177210, 8192
608880661364189, 608881202073282, 608881202086467, 608881202087782, 608881202226706, 608881207167555, 608881207169370, 608881207526329, 8191
608881207719049, 608881748214551, 608881748229291, 608881748230180, 608881748372734, 608881753315416, 608881753316861, 608881753363268, 8192
608881753563339, 608882294284024, 608882294297172, 608882294298357, 608882294437578, 608882299380834, 608882299382279, 608882299427130, 8191
608882299619943, 608882840412960, 608882840422645, 608882840423589, 608882840570180, 608882845514733, 608882845516196, 608882845565825, 8192
608882845769082, 608883386479508, 608883386493230, 608883386494100, 608883386632987, 608883391572670, 608883391574262, 608883391625391, 8191
608883391816426, 608883932632387, 608883932647813, 608883932648350, 608883932791774, 608883937732198, 608883937733624, 608883937778753, 8192
608883937971213, 608884478688065, 608884478698620, 608884478699805, 608884478838007, 608884483778431, 608884483779912, 608884483826875, 8191
608884484027502, 608885024822000, 608885024835686, 608885024836667, 608885024978165, 608885029917829, 608885029919366, 608885029968847, 8192
608885030155697, 608885570889567, 608885570902844, 608885570903381, 608885571045991, 608885575986044, 608885575987599, 608885576480982, 8191
608885576750979, 608886117025280, 608886117038984, 608886117040021, 608886117180519, 608886122121942, 608886122123368, 608886122169905, 8192
608886122363384, 608886663094642, 608886663105938, 608886663107124, 608886663259492, 608886668205360, 608886668207193, 608886668314470, 8191
608886668508208, 608887209209041, 608887209222615, 608887209223448, 608887209365354, 608887214310388, 608887214311814, 608887214363629, 8192
608887214544219, 608887755285718, 608887755298551, 608887755299681, 608887755445827, 608887760392899, 608887760394306, 608887760441065, 8191
608887760628359, 608888301422413, 608888301436302, 608888301437339, 608888301570800, 608888306513020, 608888306514483, 608888306564223, 8192
608888306885886, 608888847503460, 608888847516683, 608888847517645, 608888847651885, 608888852598475, 608888852600363, 608888852652548, 8191
608888852846120, 608889393609008, 608889393621174, 608889393622081, 608889393761265, 608889398702651, 608889398704077, 608889398748151, 8192
608889398937000, 608889939669314, 608889939680611, 608889939681666, 608889939830738, 608889944778069, 608889944779643, 608889944829050, 8191
608889945017714, 608890485822972, 608890485836176, 608890485837379, 608890485977581, 608890490918986, 608890490920430, 608890490969671, 8192
608890491162428, 608891031883483, 608891031898501, 608891031899575, 608891032054110, 608891036992182, 608891036993904, 608891037044477, 8191
608891037239568, 608891578009215, 608891578022288, 608891578023270, 608891578163768, 608891583105303, 608891583106691, 608891583151284, 8192
608891583345522, 608892124097984, 608892124111354, 608892124112613, 608892124252871, 608892129244868, 608892129246442, 608892129295201, 8191
608892129494828, 608892670222457, 608892670234457, 608892670235438, 608892670377788, 608892675321452, 608892675323267, 608892675376118, 8192
608892675571894, 608893216311634, 608893216326985, 608893216328115, 608893216471872, 608893221408833, 608893221410277, 608893221457406, 8191
608893221773828, 608893762440569, 608893762455625, 608893762456643, 608893762601864, 608893767545546, 608893767546972, 608893767593027, 8192
608893767784747, 608894308488728, 608894308504061, 608894308504635, 608894308643800, 608894313580798, 608894313582242, 608894313629927, 8191
608894313823239, 608894854605960, 608894854620349, 608894854621664, 608894854766366, 608894859712937, 608894859714418, 608894859764473, 8192
608894859961934, 608895400686100, 608895400698192, 608895400699044, 608895400841894, 608895405783744, 608895405785169, 608895405834113, 8191
608895406040815, 608895946817073, 608895946830461, 608895946830998, 608895946969367, 608895951910513, 608895951912087, 608895952090733, 8192
608895952286527, 608896492869176, 608896492882601, 608896492883472, 608896493024674, 608896497967708, 608896497969153, 608896498021726, 8191
608896498218316, 608897039025907, 608897039039407, 608897039040314, 608897039173294, 608897044119051, 608897044120681, 608897044171569, 8192
608897044368381, 608897585085233, 608897585098455, 608897585099288, 608897585241842, 608897590182580, 608897590184006, 608897590229061, 8191
608897590416447, 608898131226483, 608898131242020, 608898131243186, 608898131379666, 608898136324589, 608898136326052, 608898136373830, 8192
608898136568235, 608898677296938, 608898677307993, 608898677308974, 608898677455936, 608898682399100, 608898682400822, 608898682453932, 8191
608898682643523, 608899223407633, 608899223420632, 608899223421206, 608899223567649, 608899228513443, 608899228515035, 608899228565127, 8192
608899228748273, 608899769484532, 608899769497624, 608899769498550, 608899769646789, 608899774588138, 608899774589712, 608899774643360, 8191
608899774832617, 608900315619949, 608900315633615, 608900315634652, 608900315773836, 608900320717777, 608900320719222, 608900320765258, 8192
608900320956423, 608900861666626, 608900861679589, 608900861680366, 608900861820013, 608900866761325, 608900866762770, 608900866809269, 8191
608900866994563, 608901407809746, 608901407823357, 608901407824320, 608901407967393, 608901412917205, 608901412918631, 608901412964815, 8192
608901413154739, 608901953880794, 608901953894553, 608901953895627, 608901954035403, 608901958975623, 608901958977067, 608901959022011, 8191
608901959214342, 608902499995600, 608902500016248, 608902500016970, 608902500169339, 608902505111965, 608902505113817, 608902505169576, 8192
608902505383870, 608903046086702, 608903046098387, 608903046099573, 608903046239701, 608903051915356, 608903051917226, 608903051978170, 8191
608903052231130, 608903592218249, 608903592230119, 608903592231045, 608903592376914, 608903597319985, 608903597321411, 608903597365522, 8192
608903597553612, 608904138288944, 608904138302648, 608904138303741, 608904138446757, 608904143388310, 608904143389736, 608904143437476, 8191
608904143723603, 608904684433954, 608904684447120, 608904684448176, 608904684580915, 608904689525079, 608904689526542, 608904689578597, 8192
608904689773928, 608905230493075, 608905230506297, 608905230507834, 608905230647074, 608905235588978, 608905235590386, 608905235640848, 8191
608905235828401, 608905776639437, 608905776651585, 608905776652696, 608905776794416, 608905781738395, 608905781739839, 608905781785839, 8192
608905781969133, 608906322697688, 608906322711391, 608906322712410, 608906322855223, 608906327796387, 608906327798239, 608906327858997, 8191
608906328064143, 608906868790809, 608906868804994, 608906868806160, 608906868945214, 608906873887749, 608906873889193, 608906873937118, 8192
608906874136042, 608907414889374, 608907414902726, 608907414903930, 608907415048595, 608907419989629, 608907419991203, 608907420376235, 8191
608907420570696, 608907961015921, 608907961029439, 608907961030513, 608907961168937, 608907966110583, 608907966112138, 608907966164582, 8192
608907966351950, 608908507088653, 608908507100375, 608908507101338, 608908507241318, 608908512186649, 608908512188463, 608908512242167, 8191
608908512453238, 608909053255699, 608909053269495, 608909053270644, 608909053417401, 608909058360287, 608909058362009, 608909058413138, 8192
608909058622080, 608909599277858, 608909599289099, 608909599290043, 608909599431097, 608909604378520, 608909604379928, 608909604432334, 8191
608909604617147, 608910145416534, 608910145431664, 608910145432534, 608910145567718, 608910150510141, 608910150511567, 608910150558677, 8192
608910150745879, 608910691475045, 608910691487174, 608910691488359, 608910691622876, 608910696574818, 608910696576262, 608910696628188, 8191
608910696829259, 608911237618239, 608911237631868, 608911237632831, 608911237772922, 608911242716068, 608911242717290, 608911242766715, 8192
608911242962232, 608911783686897, 608911783700508, 608911783701786, 608911783845229, 608911788793874, 608911788795337, 608911788841059, 8191
608911789029834, 608912329831036, 608912329844462, 608912329845536, 608912329981257, 608912334924884, 608912334926328, 608912334970513, 8192
608912335163177, 608912875876584, 608912875890602, 608912875891584, 608912876043767, 608912880982098, 608912880983783, 608912881035375, 8191
608912881228947, 608913422011334, 608913422023760, 608913422024963, 608913422167573, 608913427109607, 608913427111015, 608913427159570, 8192
608913427344882, 608913968095992, 608913968109325, 608913968110251, 608913968253286, 608913973190302, 608913973191913, 608913973411578, 8191
608913973699500, 608914514241372, 608914514252520, 608914514253649, 608914514394611, 608914519339293, 608914519341126, 608914519720159, 8192
608914519911860, 608915060286049, 608915060299549, 608915060300493, 608915060442565, 608915065383026, 608915065384452, 608915065431321, 8191
608915065619356, 608915606426780, 608915606440410, 608915606441243, 608915606589352, 608915611531813, 608915611533239, 608915611583719, 8192
608915611770717, 608916152485994, 608916152501401, 608916152502568, 608916152646122, 608916157588027, 608916157589471, 608916157641674, 8191
608916157840209, 608916698610559, 608916698623670, 608916698624689, 608916698767520, 608916703708277, 608916703710166, 608916703844146, 8192
608916704056551, 608917244683032, 608917244696365, 608917244697291, 608917244839456, 608917249781917, 608917249783694, 608917249833749, 8191
608917250022414, 608917790861189, 608917790874930, 608917790876041, 608917791014187, 608917795955703, 608917795957277, 608917796580955, 8192
608917796789490, 608918336893478, 608918336905940, 608918336906903, 608918337045976, 608918341989510, 608918341991306, 608918342039621, 8191
608918342228600, 608918883024654, 608918883035302, 608918883036431, 608918883186189, 608918888132686, 608918888134519, 608918888186482, 8192
608918888385942, 608919429089275, 608919429104515, 608919429105775, 608919429247162, 608919434189085, 608919434190511, 608919434237640, 8191
608919434431879, 608919975202932, 60891997521