Inicio, Continuar, Recep_Num_Muestras, Ampliacion_Array, Recepcion, Convolucion, Historial, Devolucion, Num_Muestras
608556220510353, 608556789390155, 608556789401618, 608556789434821, 608556789696411, 608556793365016, 608556793366516, 608556793644346, 8192
608556794285486, 608557344164716, 608557344185252, 608557344187141, 608557344361158, 608557354302856, 608557354308411, 608557355542711, 8191
608557383119442, 608557884313374, 608557884333670, 608557884335355, 608557884542038, 608557894525939, 608557894530254, 608557899032349, 8192
608557903267781, 608558424941694, 608558424964175, 608558424966305, 608558425287560, 608558437307326, 608558437312400, 608558437437176, 8191
608558438379887, 608558972161973, 608558972173806, 608558972175695, 608558972266064, 608558983097214, 608558983102066, 608558983217472, 8192
608558988106248, 608559518956220, 608559518969349, 608559518971275, 608559519054978, 608559529025305, 608559529029101, 608559529371819, 8191
608559530157032, 608560063234256, 608560063267144, 608560063269329, 608560063589548, 608560073528783, 608560073533597, 608560073913000, 8192
608560074675677, 608560609144402, 608560609154680, 608560609156087, 608560609325937, 608560612645083, 608560612646527, 608560612776507, 8191
608560613136725, 608561155946908, 608561155957908, 608561155958593, 608561156220868, 608561159524662, 608561159526107, 608561159653383, 8192
608561159976194, 608561702023941, 608561702041960, 608561702042997, 608561702210050, 608561705528530, 608561705529993, 608561705661917, 8191
608561705945136, 608562247473315, 608562247489833, 608562247491093, 608562247648758, 608562250965515, 608562250966959, 608562251093328, 8192
608562251366621, 608562794204248, 608562794212841, 608562794213952, 608562794393801, 608562797707392, 608562797709225, 608562797841372, 8191
608562798112517, 608563340364391, 608563340374465, 608563340375428, 608563340546019, 608563343850110, 608563343851517, 608563343990867, 8192
608563344275753, 608563887906833, 608563887932833, 608563887935333, 608563888270588, 608563898205934, 608563898210175, 608563898565282, 8191
608563899148590, 608564432080000, 608564432153925, 608564432156129, 608564432481143, 608564442428841, 608564442433656, 608564442796337, 8192
608564443386385, 608564980160750, 608564980241249, 608564980243342, 608564980580245, 608564990518147, 608564990522869, 608564990927031, 8191
608564991509542, 608565524266603, 608565524305102, 608565524307065, 608565524615395, 608565534571074, 608565534575833, 608565535237714, 8192
608565535908743, 608566072356483, 608566072381760, 608566072384038, 608566072705201, 608566082670546, 608566082674861, 608566083272298, 8191
608566083855606, 608566616448817, 608566616485372, 608566616487483, 608566616819053, 608566626736270, 608566626741084, 608566627127117, 8192
608566627726295, 608567163040714, 608567163058640, 608567163059621, 608567163223008, 608567166538858, 608567166540303, 608567166672023, 8191
608567166950909, 608567709150432, 608567709159784, 608567709161284, 608567709342522, 608567712665743, 608567712667187, 608567712797574, 8192
608567713055553, 608568255228132, 608568255241632, 608568255242854, 608568255412241, 608568258729405, 608568258730850, 608568258860163, 8191
608568259123808, 608568800674839, 608568800694283, 608568800695394, 608568800853355, 608568804183279, 608568804184724, 608568804308222, 8192
608568804594571, 608569346767687, 608569346784372, 608569346785372, 608569346958870, 608569350279923, 608569350281368, 608569350405255, 8191
608569350661233, 608569895138322, 608569895166415, 608569895168433, 608569895520651, 608569905475960, 608569905480849, 608569905844270, 8192
608569906434838, 608570441163078, 608570441191930, 608570441194096, 608570441505704, 608570451454568, 608570451459050, 608570451799120, 8191
608570452376780, 608570985229691, 608570985263505, 608570985265431, 608570985581372, 608570995530458, 608570995534847, 608570995881176, 8192
608570996479910, 608571531291835, 608571531327131, 608571531329186, 608571531661423, 608571541638269, 608571541642509, 608571541979450, 8191
608571542570387, 608572079463066, 608572079482232, 608572079484547, 608572079828191, 608572089774426, 608572089779611, 608572090200458, 8192
608572090966375, 608572625578450, 608572625603616, 608572625606005, 608572625923131, 608572635869977, 608572635874347, 608572636240695, 8191
608572636963464, 608573169470398, 608573169480323, 608573169482046, 608573169651044, 608573172969968, 608573172971412, 608573173100355, 8192
608573173378148, 608573716196608, 608573716205423, 608573716206386, 608573716384180, 608573719687530, 608573719688937, 608573719813158, 8191
608573720801665, 608574262407251, 608574262418010, 608574262418788, 608574262576489, 608574265893580, 608574265895062, 608574266040393, 8192
608574266309223, 608574807911068, 608574807951716, 608574807953920, 608574808297379, 608574818236132, 608574818240502, 608574818602516, 8191
608574819189695, 608575354112285, 608575354152488, 608575354154710, 608575354492818, 608575364441756, 608575364446200, 608575364829066, 8192
608575365408337, 608575902241997, 608575902281830, 608575902284293, 608575902622752, 608575912577876, 608575912582191, 608575912975316, 8191
608575913569401, 608576446284628, 608576446320202, 608576446322202, 608576446650865, 608576456611285, 608576456615562, 608576456964299, 8192
608576457547033, 608576994548210, 608576994595172, 608576994597617, 608576994912854, 608577004864218, 608577004868551, 608577005226843, 8191
608577006035186, 608577540329376, 608577540365024, 608577540367338, 608577540678687, 608577550680958, 608577550686180, 608577551062435, 8192
608577556726387, 608578088142685, 608578088156610, 608578088157333, 608578088235387, 608578091529700, 608578091531126, 608578091676458, 8191
608578091960899, 608578630719685, 608578630755092, 608578630757166, 608578631090347, 608578641043822, 608578641048082, 608578641456373, 8192
608578642226401, 608579176713311, 608579176758774, 608579176760885, 608579177069937, 608579187014801, 608579187019634, 608579187367945, 8191
608579187963197, 608579722847418, 608579722893269, 608579722895343, 608579723201154, 608579733141722, 608579733146037, 608579733511144, 8192
608579734100378, 608580268918636, 608580268957413, 608580268959580, 608580269289743, 608580279213459, 608580279218237, 608580279613121, 8191
608580281354286, 608580815081334, 608580815112890, 608580815115315, 608580815448626, 608580825387676, 608580825392731, 608580825773301, 8192
608580826385072, 608581361098683, 608581361146571, 608581361148627, 608581361461642, 608581371401080, 608581371405376, 608581371786113, 8191
608581376457817, 608581907069476, 608581907082791, 608581907084087, 608581907256900, 608581910574472, 608581910575898, 608581910716656, 8192
608581910973171, 608582453146528, 608582453160972, 608582453162250, 608582453341544, 608582456658264, 608582456660042, 608582456792392, 8191
608582457075278, 608582999995570, 608583000012496, 608583000013699, 608583000200864, 608583003504955, 608583003506380, 608583003634509, 8192
608583003887246, 608583545326167, 608583545335278, 608583545336297, 608583545502702, 608583548818571, 608583548819978, 608583548950143, 8191
608583549216677, 608584092203043, 608584092219561, 608584092220616, 608584092380226, 608584095684409, 608584095685816, 608584095815870, 8192
608584096242569, 608584638261131, 608584638279131, 608584638280168, 608584638435629, 608584641753794, 608584641755238, 608584641883440, 8191
608584642144271, 608585184397904, 608585184406682, 608585184407460, 608585184580346, 608585187884011, 608585187885456, 608585188028824, 8192
608585188285766, 608585729740020, 608585729755353, 608585729756205, 608585729923351, 608585733239978, 608585733241423, 608585733378014, 8191
608585733652455, 608586276609321, 608586276625358, 608586276626413, 608586276792356, 608586280107058, 608586280108613, 608586280241426, 8192
608586280495534, 608586822637132, 608586822646114, 608586822647225, 608586822826278, 608586826139702, 608586826141128, 608586826269404, 8191
608586826528957, 608587368138801, 608587368152005, 608587368153005, 608587368330929, 608587371630371, 608587371631945, 608587371763592, 8192
608587372035441, 608587914149742, 608587914168242, 608587914169057, 608587914330166, 608587917645442, 608587917646886, 608587917782292, 8191
608587918201176, 608588461001099, 608588461017321, 608588461018710, 608588461189523, 608588464496892, 608588464498706, 608588464640686, 8192
608588464907609, 608589008683076, 608589008713169, 608589008715261, 608589009043202, 608589018994640, 608589018999436, 608589019353580, 8191
608589019913314, 608589552685115, 608589552729707, 608589552731800, 608589553054314, 608589562977086, 608589562981975, 608589563361637, 8192
608589564259868, 608590098786629, 608590098814425, 608590098816629, 608590099157365, 608590109112859, 608590109117230, 608590109517817, 8191
608590110131699, 608590646987322, 608590647021359, 608590647023655, 608590647334577, 608590657297978, 608590657302719, 608590657643659, 8192
608590658210264, 608591190956843, 608591190988398, 608591190990712, 608591191302301, 608591201268203, 608591201271888, 608591201614569, 8191
608591202201969, 608591737030264, 608591737073579, 608591737075986, 608591737409167, 608591747349420, 608591747354124, 608591747851896, 8192
608591748481722, 608592283686698, 608592283693494, 608592283694827, 608592283870418, 608592287187119, 608592287188582, 608592287334006, 8191
608592287624670, 608592829771749, 608592829784971, 608592829786082, 608592829953395, 608592833270726, 608592833272170, 608592833402317, 8192
608592833663870, 608593375186123, 608593375194604, 608593375195623, 608593375389583, 608593378707192, 608593378709396, 608593378832506, 8191
608593381399938, 608593921275507, 608593921284044, 608593921285303, 608593921451153, 608593924767929, 608593924769318, 608593924902020, 8192
608593925173183, 608594467329170, 608594467336688, 608594467337707, 608594467517797, 608594470832166, 608594470833591, 608594470963479, 8191
608594471221994, 608595013498720, 608595013507016, 608595013508368, 608595013675014, 608595016990642, 608595016992031, 608595017123992, 8192
608595017404618, 608595560261504, 608595560269985, 608595560270800, 608595560447909, 608595563751129, 608595563752537, 608595563878313, 8191
608595564155995, 608596105873560, 608596105900338, 608596105903005, 608596106223149, 608596116179847, 608596116184143, 608596116589212, 8192
608596117183557, 608596654136512, 608596654189289, 608596654191474, 608596654522952, 608596664480446, 608596664484612, 608596664883311, 8191
608596665457064, 608597198090644, 608597198117514, 608597198120199, 608597198450047, 608597208409670, 608597208414392, 608597208795351, 8192
608597209413473, 608597746259078, 608597746294318, 608597746296374, 608597746614573, 608597756562290, 608597756567382, 608597756963026, 8191
608597757720906, 608598290353782, 608598290378374, 608598290380707, 608598290697278, 608598300735271, 608598300740160, 608598301066285, 8192
608598301668889, 608598836348853, 608598836378926, 608598836381000, 608598836713756, 608598846656620, 608598846660824, 608598847020671, 8191
608598847632331, 608599382273554, 608599382282165, 608599382283072, 608599382465885, 608599385779975, 608599385781401, 608599385912455, 8192
608599386167545, 608599929235391, 608599929249428, 608599929250687, 608599929412648, 608599932724905, 608599932726350, 608599932860200, 8191
608599933121549, 608600475202665, 608600475213517, 608600475214962, 608600475390997, 608600478716272, 608600478717717, 608600478834289, 8192
608600479090120, 608601020553484, 608601020567003, 608601020567855, 608601020735519, 608601024053443, 608601024054925, 608601024186775, 8191
608601024928044, 608601567434693, 608601567448044, 608601567449081, 608601567609209, 608601570926041, 608601570927948, 608601571054835, 8192
608601571370720, 608602112950454, 608602112976917, 608602112979565, 608602113313820, 608602123257925, 608602123262796, 608602123639588, 8191
608602124292358, 608602659149522, 608602659185078, 608602659187300, 608602659494704, 608602669448142, 608602669452494, 608602669812026, 8192
608602670397723, 608603205368424, 608603205396331, 608603205398609, 608603205706642, 608603215636858, 608603215641803, 608603216052242, 8191
608603216642976, 608603753478618, 60860375351