Inicio, Continuar, Recep_Num_Muestras, Ampliacion_Array, Recepcion, Convolucion, Historial, Devolucion, Num_Muestras
608556204705614, 608556789365137, 608556789370637, 608556789384340, 608556789697707, 608556793454070, 608556793455533, 608556793921731, 8192
608556794272524, 608557339792008, 608557339835174, 608557339837581, 608557344366417, 608557355378935, 608557355386287, 608557376403577, 8191
608557383083609, 608557884261875, 608557884275560, 608557884278004, 608557884579778, 608557898840166, 608557898845333, 608557899445289, 8192
608557903099449, 608558424894435, 608558424941972, 608558424944620, 608558425292208, 608558435481922, 608558435486366, 608558437755710, 8191
608558438220037, 608558971010560, 608558971050412, 608558971052764, 608558972271583, 608558982453018, 608558982457370, 608558983542154, 8192
608558983969112, 608559517084242, 608559517138315, 608559517140612, 608559519056793, 608559529260524, 608559529264839, 608559529692186, 8191
608559530133329, 608560063201719, 608560063249663, 608560063251885, 608560063594437, 608560073796446, 608560073800853, 608560074221645, 8192
608560074654955, 608560609131865, 608560609147606, 608560609148994, 608560609327992, 608560612727286, 608560612728730, 608560612926969, 8191
608560613130966, 608561155927242, 608561155943927, 608561155945704, 608561156222090, 608561159606217, 608561159607643, 608561159794289, 8192
608561159968101, 608561702007664, 608561702023256, 608561702024423, 608561702212309, 608561705610343, 608561705611751, 608561705805878, 8191
608561705938784, 608562247457908, 608562247473815, 608562247475315, 608562247650220, 608562251045829, 608562251047273, 608562251237086, 8192
608562251360751, 608562794189637, 608562794203007, 608562794203989, 608562794396487, 608562797794465, 608562797795891, 608562797979370, 8191
608562798106147, 608563340350540, 608563340366002, 608563340366706, 608563340547223, 608563343943683, 608563343945127, 608563344149162, 8192
608563344269216, 608563887867722, 608563887907278, 608563887909703, 608563888275773, 608563898460561, 608563898464875, 608563898869167, 8191
608563899128071, 608564432047889, 608564432133221, 608564432135499, 608564432485458, 608564442680801, 608564442685319, 608564443108259, 8192
608564443367737, 608564980125788, 608564980220712, 608564980222749, 608564980587319, 608564990816643, 608564990821013, 608564991233564, 8191
608564991490876, 608565524239603, 608565524285491, 608565524287528, 608565524619062, 608565535102438, 608565535108234, 608565535594821, 8192
608565535885207, 608566072324316, 608566072366482, 608566072368649, 608566072708738, 608566083164022, 608566083168429, 608566083579961, 8191
608566083839255, 608566616417206, 608566616462631, 608566616465224, 608566616823646, 608566627014507, 608566627018748, 608566627444984, 8192
608566627707999, 608567163024751, 608567163039233, 608567163040622, 608567163225286, 608567166621820, 608567166623302, 608567166815688, 8191
608567166943539, 608567709135562, 608567709150969, 608567709152080, 608567709344245, 608567712747408, 608567712748853, 608567712934425, 8192
608567713048682, 608568255207947, 608568255223965, 608568255225743, 608568255414130, 608568258811830, 608568258813293, 608568259001106, 8191
608568259117031, 608568800660728, 608568800674395, 608568800675358, 608568800855059, 608568804253538, 608568804254964, 608568804454776, 8192
608568804585997, 608569346751891, 608569346766927, 608569346768020, 608569346960018, 608569350357811, 608569350359274, 608569350541050, 8191
608569350655678, 608569895105915, 608569895149359, 608569895151600, 608569895526633, 608569905730735, 608569905735031, 608569906151359, 8192
608569906413190, 608570441127616, 608570441166578, 608570441168689, 608570441508815, 608570451695751, 608570451700158, 608570452115116, 8191
608570452360484, 608570985198413, 608570985245431, 608570985247857, 608570985584186, 608570995775715, 608570995780011, 608570996197450, 8192
608570996459595, 608571531262946, 608571531309020, 608571531311261, 608571531665682, 608571541870507, 608571541874840, 608571542285835, 8191
608571542547017, 608572079424714, 608572079464491, 608572079466936, 608572079831932, 608572090086274, 608572090090663, 608572090513509, 8192
608572090967115, 608572625533839, 608572625584172, 608572625586635, 608572625926650, 608572636131659, 608572636136140, 608572636539802, 8191
608572636942538, 608573169454250, 608573169472046, 608573169472972, 608573169653062, 608573173050318, 608573173051726, 608573173248205, 8192
608573173369296, 608573716182849, 608573716196127, 608573716196812, 608573716386643, 608573719770048, 608573719771455, 608573719940990, 8191
608573720793128, 608574262377103, 608574262394918, 608574262396918, 608574262578952, 608574265993912, 608574265995375, 608574266184058, 8192
608574266301612, 608574807875328, 608574807928438, 608574807930735, 608574808302971, 608574818488833, 608574818493203, 608574818908402, 8191
608574819166343, 608575354079952, 608575354133896, 608575354135896, 608575354496669, 608575364720512, 608575364724827, 608575365126896, 8192
608575365381282, 608575902211239, 608575902260664, 608575902262979, 608575902627641, 608575912868595, 608575912872909, 608575913284108, 8191
608575913545327, 608576446249888, 608576446302721, 608576446304739, 608576446656513, 608576456857763, 608576456862060, 608576457266684, 8192
608576457523829, 608576994514451, 608576994574172, 608576994576209, 608576994914687, 608577005113937, 608577005118178, 608577005538877, 8191
608577006010538, 608577540292210, 608577540345079, 608577540347153, 608577540683612, 608577550937103, 608577550941362, 608577551417079, 8192
608577556696905, 608578088123185, 608578088128259, 608578088129259, 608578088236906, 608578091627921, 608578091629366, 608578091828438, 8191
608578091953547, 608578630682519, 608578630736407, 608578630738444, 608578631094384, 608578641348282, 608578641352726, 608578641762073, 8192
608578642201161, 608579176677997, 608579176736218, 608579176738255, 608579177072437, 608579187260872, 608579187265076, 608579187683793, 8191
608579187944531, 608579722821270, 608579722868510, 608579722871140, 608579723206099, 608579733405997, 608579733410330, 608579733820029, 8192
608579734082693, 608580268883821, 608580268936969, 608580268939450, 608580269292854, 608580279497974, 608580279502437, 608580281049993, 8191
608580281327749, 608580815042520, 608580815089742, 608580815091982, 608580815454108, 608580825658821, 608580825663136, 608580826099242, 8192
608580826361183, 608581361069461, 608581361121460, 608581361123849, 608581361467308, 608581371671392, 608581371675762, 608581372121312, 8191
608581376433317, 608581907055162, 608581907070180, 608581907071495, 608581907259326, 608581910670638, 608581910672082, 608581910847302, 8192
608581910963412, 608582453131435, 608582453145009, 608582453146102, 608582453342655, 608582456739911, 608582456741374, 608582456939964, 8191
608582457068500, 608582999978978, 608582999993107, 608582999994348, 608583000203345, 608583003587268, 608583003588713, 608583003765896, 8192
608583003880209, 608583545310945, 608583545324260, 608583545325630, 608583545505387, 608583548902181, 608583548903588, 608583549090993, 8191
608583549210307, 608584092182654, 608584092198913, 608584092201487, 608584092381837, 608584095766130, 608584095767575, 608584095946017, 8192
608584096234791, 608584638238446, 608584638253483, 608584638254872, 608584638437333, 608584641835126, 608584641836571, 608584642018791, 8191
608584642136734, 608585184385404, 608585184401200, 608585184402163, 608585184581272, 608585187965121, 608585187966584, 608585188165026, 8192
608585188279692, 608585729725668, 608585729739686, 608585729740723, 608585729925740, 608585733328718, 608585733330163, 608585733527012, 8191
608585733646233, 608586276591358, 608586276604673, 608586276605877, 608586276793522, 608586280191816, 608586280193279, 608586280371277, 8192
608586280488072, 608586822624392, 608586822639132, 608586822640095, 608586822827426, 608586826223108, 608586826224571, 608586826404366, 8191
608586826520642, 608587368122413, 608587368138616, 608587368141672, 608587368333244, 608587371717148, 608587371718611, 608587371898590, 8192
608587372032441, 608587914133854, 608587914149150, 608587914150983, 608587914332518, 608587917730385, 608587917731811, 608587917938994, 8191
608587918201102, 608588460985248, 608588460998766, 608588460999636, 608588461191042, 608588464589465, 608588464590928, 608588464780481, 8192
608588464901591, 608589008649206, 608589008693706, 608589008696150, 608589009047239, 608589019245933, 608589019250396, 608589019641188, 8191
608589019888092, 608589552653097, 608589552706004, 608589552708300, 608589553060944, 608589563252287, 608589563256602, 608589563909168, 8192
608589564234960, 608590098749574, 608590098794573, 608590098796907, 608590099163810, 608590109407300, 608590109411652, 608590109847980, 8191
608590110113422, 608590646952026, 608590647000174, 608590647002563, 608590647338707, 608590657540272, 608590657544531, 608590657942489, 8192
608590658188412, 608591190926343, 608591190965583, 608591190967842, 608591191305338, 608591201508440, 608591201512718, 608591201924269, 8191
608591202180451, 608591736997728, 608591737053986, 608591737055986, 608591737412982, 608591747737286, 608591747742027, 608591748199077, 8192
608591748459241, 608592283670883, 608592283685309, 608592283686105, 608592283872010, 608592287284359, 608592287285840, 608592287471857, 8191
608592287617873, 608592829757508, 608592829773527, 608592829774564, 608592829954191, 608592833352929, 608592833354355, 608592833537649, 8192
608592833656259, 608593375170252, 608593375184326, 608593375185586, 608593375390565, 608593378786451, 608593378787932, 608593378973671, 8191
608593381389624, 608593921261007, 608593921276914, 608593921277970, 608593921453653, 608593924850724, 608593924852150, 608593925053518, 8192
608593925166776, 608594467315003, 608594467329188, 608594467330373, 608594467520186, 608594470915368, 608594470916924, 608594471095996, 8191
608594471213846, 608595013485646, 608595013501183, 608595013502664, 608595013676773, 608595017074048, 608595017075530, 608595017270120, 8192
608595017398563, 608595560247652, 608595560262874, 608595560263578, 608595560449039, 608595563832758, 608595563834128, 608595564026959, 8191
608595564147940, 608596105840024, 608596105879079, 608596105881375, 608596106225834, 608596116478399, 608596116482806, 608596116913801, 8192
608596117169687, 608596654102401, 608596654166252, 608596654168493, 608596654527137, 608596664770387, 608596664774720, 608596665183937, 8191
608596665440545, 608597198059366, 608597198098273, 608597198100125, 608597198455047, 608597208678204, 608597208682519, 608597209121532, 8192
608597209391566, 608597746226708, 608597746271948, 608597746274300, 608597746620888, 608597756857545, 608597756861990, 608597757261967, 8191
608597757701147, 608598290314282, 608598290353652, 608598290356115, 608598290702926, 608598300955287, 608598300959601, 608598301387874, 8192
608598301650149, 608598836318520, 608598836357667, 608598836359649, 608598836717219, 608598846906376, 608598846910691, 608598847345223, 8191
608598847608590, 608599382257128, 608599382271628, 608599382272702, 608599382468274, 608599385864993, 608599385866474, 608599386045194, 8192
608599386160545, 608599929216354, 608599929231632, 608599929233150, 608599929413759, 608599932814182, 608599932815608, 608599932996124, 8191
608599933115919, 608600475189351, 608600475204554, 608600475205462, 608600475392478, 608600478788568, 608600478790049, 608600478970695, 8192
608600479082583, 608601020536744, 608601020552688, 608601020553929, 608601020736779, 608601024134331, 608601024135794, 608601024334847, 8191
608601024919766, 608601567422082, 608601567438119, 608601567440545, 608601567610913, 608601571008114, 608601571009558, 608601571247852, 8192
608601571366072, 608602112913658, 608602112956436, 608602112958510, 608602113320839, 608602123522163, 608602123526515, 608602123975991, 8191
608602124271858, 608602659113838, 608602659165170, 608602659167207, 608602659498092, 608602669700491, 608602669704769, 608602670122412, 8192
608602670374909, 608603205332646, 608603205379979, 608603205381998, 608603205710920, 608603215919244, 608603215923651, 608603216365905, 8191
608603216625625, 608603753447118, 60860375349