Inicio, Continuar, Recep_Num_Muestras, Ampliacion_Array, Recepcion, Convolucion, Historial, Devolucion, Num_Muestras
1035487578219998, 1035487666440773, 1035487666465513, 1035487666766815, 1035487695075822, 1035487799637823, 1035487799683813, 1035487809117631, 16383
1035487839137890, 1035488466351877, 1035488466436981, 1035488466438335, 1035488475752257, 1035488528364014, 1035488528409951, 1035488529763078, 8192
1035488538376270, 1035489289958645, 1035489289987291, 1035489289988697, 1035489305258307, 1035489358342720, 1035489358387252, 1035489359571212, 8191
1035489370718158, 1035490106367954, 1035490106555819, 1035490106556808, 1035490115967658, 1035490169135665, 1035490169262488, 1035490170788168, 8192
1035490181850374, 1035490925298517, 1035490925321017, 1035490925322475, 1035490941399325, 1035490994914938, 1035490994960354, 1035490996115513, 8191
1035491006788395, 1035491746126687, 1035491746152312, 1035491746153770, 1035491755638474, 1035491806437831, 1035491806482936, 1035491807169239, 8192
1035491818272904, 1035492563387403, 1035492563753550, 1035492563755008, 1035492579258576, 1035492633081584, 1035492633127157, 1035492634265545, 8191
1035492644533583, 1035493381045047, 1035493381070047, 1035493381071401, 1035493389904854, 1035493440708482, 1035493440753065, 1035493444247499, 8192
1035493451586521, 1035494220595437, 1035494220628041, 1035494220629499, 1035494237912081, 1035494290068732, 1035494290115451, 1035494293643426, 8191
1035494301239689, 1035495020999666, 1035495021027634, 1035495021029093, 1035495030758380, 1035495081523831, 1035495081569352, 1035495085024410, 8192
1035495106769968, 1035496659504698, 1035496659531104, 1035496659532406, 1035496669528569, 1035496722388347, 1035496722433868, 1035496723506474, 8192
1035496731307425, 1035496731327216, 1035496731335393, 1035496731336018, 1035496746386565, 1035496799926708, 1035496799970875, 1035496801456919, 8191
1035496811446832, 1035497476829008, 1035497476852966, 1035497476854216, 1035497485669387, 1035497536823641, 1035497538171092, 1035497539779219, 8192
1035497546465585, 1035498297534105, 1035498297559157, 1035498297560511, 1035498312725641, 1035498366796566, 1035498366842296, 1035498369273498, 8191
1035498379561901, 1035499116862428, 1035499116882428, 1035499116883886, 1035499126433694, 1035499179305034, 1035499179416181, 1035499180651183, 8192
1035499187821820, 1035499936009032, 1035499936026793, 1035499936028147, 1035499950403067, 1035500005424828, 1035500005471026, 1035500008011343, 8191
1035500018364746, 1035500755216262, 1035500755234908, 1035500755236262, 1035500764873258, 1035500817769546, 1035500817814962, 1035500819137673, 8192
1035500826340550, 1035501574149533, 1035501574229585, 1035501574231043, 1035501591776438, 1035501644866580, 1035501644911372, 1035501646030488, 8191
1035501656358162, 1035502393367439, 1035502393392648, 1035502393394054, 1035502402953237, 1035502455552858, 1035502455598431, 1035502456895464, 8192
1035502464154799, 1035503212468627, 1035503212494668, 1035503212496023, 1035503227686048, 1035503281671193, 1035503281715724, 1035503282782496, 8191
1035503294193453, 1035504031701064, 1035504031726637, 1035504031727991, 1035504040992747, 1035504092241115, 1035504092285959, 1035504093415857, 8192
1035504121342884, 1035504849093499, 1035504849117301, 1035504849118864, 1035504864086129, 1035504917312313, 1035504917356584, 1035504918411325, 8191
1035504929311083, 1035505669910627, 1035505670323596, 1035505670324742, 1035505679524393, 1035505730308855, 1035505730354011, 1035505733849486, 8192
1035505741062363, 1035506489137648, 1035506489211606, 1035506489212960, 1035506506644240, 1035506559615632, 1035506559661309, 1035506564054182, 8191
1035506571176589, 1035507308339356, 1035507308358106, 1035507308359668, 1035507317840414, 1035507368680761, 1035507368726125, 1035507371956183, 8192
1035507388626055, 1035508127504606, 1035508127523564, 1035508127524710, 1035508146516253, 1035508199168842, 1035508199213270, 1035508200525616, 8191
1035508210388810, 1035508945732302, 1035508946207928, 1035508946209542, 1035508953775597, 1035509006371312, 1035509006417197, 1035509007743033, 8192
1035509014605753, 1035509767798390, 1035509767884588, 1035509767885994, 1035509786896339, 1035509839432262, 1035509839477002, 1035509840728462, 8191
1035509851022855, 1035510584862178, 1035510584968688, 1035510584970095, 1035510594530892, 1035510647488378, 1035510647534055, 1035510648675255, 8192
1035510655844955, 1035512223832470, 1035512223861272, 1035512223862783, 1035512233323528, 1035512286138878, 1035512286184347, 1035512287480391, 8192
1035512294645507, 1035512295222696, 1035512295332904, 1035512295334467, 1035512304137659, 1035512359718170, 1035512359764368, 1035512362363591, 8191
1035512374458456, 1035513042559646, 1035513042748084, 1035513042749646, 1035513052312111, 1035513103366729, 1035513103473396, 1035513305627490, 8192
1035513312750263, 1035514682338950, 1035514682370252, 1035514682371658, 1035514691830060, 1035514743035928, 1035514744519108, 1035514746111871, 8192
1035514753473602, 1035514753491988, 1035514753500581, 1035514753501779, 1035514762438930, 1035514818063660, 1035514818108243, 1035514819468090, 8191
1035514831732954, 1035515499727790, 1035515500103884, 1035515500105447, 1035515509512130, 1035515560806696, 1035515562264303, 1035515563870503, 8192
1035515571088172, 1035516319206686, 1035516319226373, 1035516319227780, 1035516338156614, 1035516389874514, 1035516389921181, 1035516393878948, 8191
1035516400892814, 1035517138400477, 1035517138471779, 1035517138473185, 1035517147935076, 1035517201001469, 1035517201046209, 1035517202104960, 8192
1035517216003942, 1035517957278486, 1035517957303070, 1035517957304476, 1035517975933414, 1035518027758710, 1035518027803763, 1035518031860853, 8191
1035518038758990, 1035518776411392, 1035518776522642, 1035518776523996, 1035518794304339, 1035518845105675, 1035518845150936, 1035518846292917, 8192
1035519048676126, 1035519597097529, 1035519597119456, 1035519597120862, 1035519611048074, 1035519664812801, 1035519664858009, 1035519665930823, 8191
1035519676376102, 1035520416908248, 1035520416934759, 1035520416936165, 1035520427343266, 1035520480156012, 1035520480202366, 1035520481592108, 8192
1035520492260512, 1035522086131716, 1035522086158435, 1035522086159841, 1035522099597051, 1035522200919620, 1035522200962536, 1035525751378530, 16383
1035525806827270, 1035525807656334, 1035525807672897, 1035525807674147, 1035525816623277, 1035525868128833, 1035525868174927, 1035525869458992, 8192
1035525986509087, 1035525989425185, 1035525993791026, 1035525993792328, 1035526009836262, 1035526113470397, 1035526113514980, 1035526217772553, 16383
1035526321636272, 1035526324001380, 1035526324188933, 1035526324190235, 1035526333943116, 1035526385036276, 1035526385126015, 1035526386621591, 8192
1035526437282875, 1035526437714386, 1035526437727668, 1035526437728813, 1035526454012174, 1035526505953773, 1035526505998773, 1035526508056485, 8191
1035526521487602, 1035526968368154, 1035526968423623, 1035526968424457, 1035526977794264, 1035527031052636, 1035527031097844, 1035527032186128, 8192
1035527056526221, 1035528608679020, 1035528608699333, 1035528608699958, 1035528617957317, 1035528670998137, 1035528671043918, 1035528672148503, 8192
1035528679859454, 1035528679876068, 1035528679883777, 1035528679884402, 1035528697267504, 1035528750621293, 1035528750782439, 1035528752887911, 8191
1035528760491883, 1035529423961814, 1035529423988429, 1035529423989887, 1035529432847350, 1035529485808013, 1035529485854420, 1035529486947026, 8192
1035529497416158, 1035530244515295, 1035530244813785, 1035530244815191, 1035530262071574, 1035530313901663, 1035530313946507, 1035530317930576, 8191
1035530324673035, 1035531064137419, 1035531064190336, 1035531064191273, 1035531073703112, 1035531126633932, 1035531126679765, 1035531127788882, 8192
1035531136367907, 1035531883798189, 1035531884015013, 1035531884016471, 1035531901378063, 1035531953144870, 1035531953191068, 1035531957205867, 8191
1035531964183431, 1035532702318281, 1035532702533021, 1035532702533698, 1035532711842724, 1035532764639272, 1035532764684533, 1035532765857295, 8192
1035532773023037, 10355335