Inicio, Continuar, Recep_Num_Muestras, Ampliacion_Array, Recepcion, Convolucion, Historial, Devolucion, Num_Muestras
510894954578400, 510895066830466, 510895067006402, 510895067058589, 510895098566558, 510895188575199, 510895188610719, 510895198816243, 16383
510895239558757, 510895866582813, 510895866758905, 510895866760155, 510895878409623, 510895923358761, 510895923393605, 510895923749851, 8192
510895938762411, 510896690749709, 510896691485327, 510896691486160, 510896710433473, 510896755303966, 510896755338601, 510896755634484, 8191
510896771061675, 510897506603824, 510897506614292, 510897506614970, 510897517703870, 510897562645561, 510897562680144, 510897562999984, 8192
510897578590820, 510898325529470, 510898325736395, 510898325737020, 510898346466815, 510898391383350, 510898391418350, 510898391752721, 8191
510898406958404, 510899146462805, 510899146475826, 510899146476868, 510899157611497, 510899202522980, 510899202557407, 510899202880893, 8192
510899218648758, 510899963794614, 510899964006278, 510899964006903, 510899983805405, 510900028804439, 510900028839334, 510900029168342, 8191
510900044923394, 510900781375221, 510900781384648, 510900781385325, 510900792638808, 510900837543363, 510900837578051, 510900837923255, 8192
510900851979158, 510901620702281, 510901620920455, 510901620921653, 510901638856893, 510901683799573, 510901683834104, 510901684173267, 8191
510901701619084, 510902421151860, 510902421386701, 510902421387795, 510902453923463, 510902498821821, 510902498857133, 510902499117078, 8192
510902507140124, 510904059855436, 510904059867103, 510904059868092, 510904071016420, 510904115902902, 510904115937694, 510904116244045, 8192
510904130943327, 510904131186241, 510904131330094, 510904131330666, 510904150786047, 510904195662738, 510904195697321, 510904196203931, 8191
510904211848620, 510904877411513, 510904877421148, 510904877421773, 510904888494424, 510904933431896, 510904933466635, 510904933803611, 8192
510904946871867, 510905697715115, 510905697945373, 510905697946414, 510905717122266, 510905762033957, 510905762068801, 510905762398277, 8191
510905779964874, 510906516966383, 510906517193724, 510906517194610, 510906525138073, 510906570138773, 510906570174242, 510906570508353, 8192
510906588222813, 510907336052549, 510907336278536, 510907336279265, 510907354917935, 510907399825459, 510907399860407, 510907400204726, 8191
510907418763970, 510908155278349, 510908155496524, 510908155497201, 510908166930890, 510908211861070, 510908211895757, 510908212221014, 8192
510908226732381, 510908974370087, 510908974600710, 510908974601387, 510908992422825, 510909037291079, 510909037325610, 510909037641024, 8191
510909056758074, 510909793542606, 510909793770573, 510909793771406, 510909805457228, 510909850514178, 510909850549438, 510909850883706, 8192
510909864536331, 510910612630803, 510910612968821, 510910612969498, 510910632940967, 510910685999765, 510910686034556, 510910686356897, 8191
510910694572857, 510911431875301, 510911432086601, 510911432087538, 510911443897369, 510911488794113, 510911488828644, 510911489150984, 8192
510911521743526, 510912249855957, 510912250335275, 510912250336056, 510912268744364, 510912313664388, 510912313699023, 510912314021936, 8191
510912329711417, 510913070186225, 510913070412368, 510913070413098, 510913082104597, 510913126989309, 510913127023996, 510913127341961, 8192
510913141453541, 510913889277547, 510913889530513, 510913889531190, 510913909276932, 510913954189769, 510913954224300, 510913954541537, 8191
510913971571785, 510914708431368, 510914708684855, 510914708685584, 510914720194898, 510914765097995, 510914765132786, 510914765450439, 8192
510914789030727, 510915527582481, 510915527815292, 510915527816021, 510915546984685, 510915591890230, 510915591924761, 510915592240539, 8191
510915610747335, 510916345324546, 510916345335535, 510916345336160, 510916356705214, 510916401618885, 510916401653624, 510916401978881, 8192
510916415008075, 510917168035988, 510917168393693, 510917168394370, 510917187495483, 510917232405299, 510917232439986, 510917232768212, 8191
510917251394851, 510917985135663, 510917985350140, 510917985351182, 510917993507872, 510918038411334, 510918038446802, 510918038773883, 8192
510918056249178, 510919624220225, 510919624233246, 510919624234236, 510919635921464, 510919680918831, 510919680953362, 510919681280130, 8192
510919695034993, 510919695495770, 510919695660352, 510919695660821, 510919714138294, 510919759050141, 510919759084724, 510919759569667, 8191
510919774906026, 510920442790667, 510920442916551, 510920442917697, 510920454316334, 510920499217348, 510920499251983, 510920499575782, 8192
510920713159554, 510922082458921, 510922082676992, 510922082678034, 510922094102608, 510922138993258, 510922139028205, 510922139355754, 8192
510922153437490, 510922153704675, 510922153850350, 510922153851132, 510922171697778, 510922216597334, 510922216632125, 510922217112172, 8191
510922232123586, 510922900110570, 510922900404630, 510922900405255, 510922911687904, 510922956620063, 510922956654646, 510922956978862, 8192
510922971465020, 510923719273141, 510923719480327, 510923719481004, 510923739186069, 510923784105260, 510923784140000, 510923784459840, 8191
510923801272018, 510924538536858, 510924538789355, 510924538789824, 510924561959803, 510924606855452, 510924606890765, 510924607148679, 8192
510924616351296, 510925357480369, 510925357693544, 510925357694377, 510925376956842, 510925421843846, 510925421878481, 510925422197593, 8191
510925439143779, 510926176694137, 510926176913250, 510926176914448, 510926188513447, 510926233419305, 510926233454044, 510926233779718, 8192
510926449093838, 510926998005333, 510926998303716, 510926998304549, 510927016376297, 510927061425695, 510927061460226, 510927061780692, 8191
510927076755752, 510927817144988, 510927817292695, 510927817293684, 510927826552343, 510927871546377, 510927871581324, 510927871915488, 8192
510927892646637, 510932777374812, 510932777396322, 510932777397155, 510932926879166, 510933120953599, 510933120989068, 510933122250045, 16383
510933207360036, 510933208155080, 510933208162059, 510933208163153, 510933224252004, 510933316486196, 510933316522550, 510933317160147, 8192
510933386881957, 510933389831147, 510933400261044, 510933400262294, 510933416552601, 510933569451557, 510933569487182, 510933570869043, 16383
510933722124005, 510933724415649, 510933724664969, 510933724666115, 510933734187531, 510933789386725, 510933789421724, 510933789954271, 8192
510933840275284, 510933840296013, 510933840300075, 510933840301273, 510933860358158, 510933905511721, 510933905546409, 510933906073955, 8191
510933921866039, 510934368328444, 510934368578337, 510934368579223, 510934375504414, 510934420557719, 510934420593239, 510934420917871, 8192
510934461869966, 510936008623723, 510936008822888, 510936008823617, 510936018109358, 510936063092976, 510936063127819, 510936063426618, 8192
510936079690989, 510936079733540, 510936079903903, 510936079904424, 510936098000912, 510936143314369, 510936143349369, 510936143834521, 8191
510936160899560, 510936824364089, 510936824374922, 510936824375599, 510936833869880, 510936878762300, 510936878796935, 510936879117609, 8192
510936897849039, 510937644916282, 510937645127530, 510937645128259, 510937663095841, 510937707967168, 510937708001803, 510937708315029, 8191
510937725087676, 510938464139790, 510938464310257, 510938464311194, 510938471225761, 510938516140525, 510938516175577, 510938516485105, 8192
510938536771884, 510939283986781, 510939284308705, 510939284309382, 510939302111967, 510939347010272, 510939347044959, 510939347378029, 8191
510939364584890, 510940102487849, 510940102705920, 510940102706597, 510940110369906, 510940155338159, 510940155373523, 510940155723676, 8192
510940173411782, 510940921034853, 510940921069905, 510940921070686, 510940939170663, 510940985491247, 510940985525882, 510940985991502, 8191
510940999393401, 510941739347902, 510941739359777, 510941739360454, 510941748723799, 510941795020892, 510941795055528, 510941795453076, 8192
510941817789886, 510942563288707, 510942563867139, 510942563867868, 510942583187833, 510942628301345, 510942628336032, 510942628721080, 8191
510942647197512, 510944201345936, 5