Inicio, Continuar, Recep_Num_Muestras, Ampliacion_Array, Recepcion, Convolucion, Historial, Devolucion, Num_Muestras
610465442259337, 610465874223663, 610465874230793, 610465874291681, 610465874605659, 610465880076875, 610465880078375, 610465880425779, 8192
610465880637887, 610466283650060, 610466283670208, 610466283673337, 610466283832650, 610466288769039, 610466288770502, 610466288985333, 8191
610466289207256, 610466693263213, 610466693279139, 610466693281305, 610466693496081, 610466698420858, 610466698422303, 610466698554820, 8192
610466698744707, 610467102792478, 610467102809441, 610467102811311, 610467102954958, 610467107892087, 610467107893550, 610467108026216, 8191
610467108413452, 610467512386206, 610467512402354, 610467512403743, 610467512551611, 610467517477611, 610467517479426, 610467517605480, 8192
610467517794589, 610467921950656, 610467921966452, 610467921968341, 610467922123173, 610467927071987, 610467927073469, 610467927200782, 8191
610467927395706, 610468331542939, 610468331559235, 610468331561106, 610468331701530, 610468336635233, 610468336636678, 610468336760473, 8192
610468336944952, 610468741064205, 610468741079593, 610468741081352, 610468741227277, 610468746150851, 610468746152295, 610468746278349, 8191
610468746462588, 610469150663432, 610469150677728, 610469150678524, 610469150827634, 610469155752023, 610469155753745, 610469155876040, 8192
610469156058723, 610469560249771, 610469560266215, 610469560268196, 610469560416695, 610469565745375, 610469565746912, 610469565876948, 8191
610469565996595, 610469969832461, 610469969847424, 610469969849294, 610469969989700, 610469974913459, 610469974915237, 610469975042125, 8192
610469975161457, 610470379372041, 610470379386541, 610470379388671, 610470379532854, 610470384490020, 610470384491724, 610470384614334, 8191
610470384733777, 610470788986861, 610470789000490, 610470789001472, 610470789144896, 610470794077804, 610470794079285, 610470794201672, 8192
610470794316912, 610471198555237, 610471198570366, 610471198571977, 610471198713402, 610471203636994, 610471203638865, 610471203777826, 8191
610471203898677, 610471608134483, 610471608148927, 610471608150112, 610471608293296, 610471613217315, 610471613218796, 610471613335980, 8192
610471613446738, 610472017900375, 610472017939227, 610472017941745, 610472018232631, 610472033085241, 610472033089648, 610472033356904, 8191
610472033600253, 610472427394937, 610472427447048, 610472427449362, 610472427720433, 610472442516174, 610472442521063, 610472442789041, 8192
610472443019501, 610472837091608, 610472837131644, 610472837133978, 610472837430271, 610472852232455, 610472852237159, 610472852601877, 8191
610472852888448, 610473246569633, 610473246613799, 610473246616132, 610473246916092, 610473261713165, 610473261717628, 610473262013236, 8192
610473262269770, 610473658181837, 610473658226189, 610473658228559, 610473658528074, 610473673370351, 610473673374814, 610473673633422, 8191
610473673865956, 610474067738028, 610474067780768, 610474067783065, 610474068095913, 610474082877857, 610474082882246, 610474083140613, 8192
610474083378648, 610474475275075, 610474475318704, 610474475320797, 610474475618830, 610474490410552, 610474490415459, 610474490705901, 8191
610474490945305, 610474886845502, 610474886892853, 610474886895335, 610474887202961, 610474902007738, 610474902012590, 610474902305846, 8192
610474902528936, 610475294925821, 610475294939802, 610475294940931, 610475295087837, 610475300198113, 610475300199891, 610475300317056, 8191
610475300424055, 610475703858148, 610475703872833, 610475703873666, 610475704036035, 610475708954294, 610475708956109, 610475709094811, 8192
610475709214476, 610476114090072, 610476114105572, 610476114107423, 610476114258014, 610476119184588, 610476119186107, 610476119306346, 8191
610476119411012, 610476523820760, 610476523834464, 610476523835260, 610476523996425, 610476529555585, 610476529557159, 610476529677250, 8192
610476529828581, 610476933250767, 610476933264804, 610476933266045, 610476933425858, 610476938352265, 610476938353691, 610476938473523, 8191
610476938589577, 610477342831698, 610477342846717, 610477342848624, 610477342993604, 610477347919696, 610477347921141, 610477348049399, 8192
610477348293118, 610477752411426, 610477752425222, 610477752426037, 610477752576535, 610477757500905, 610477757502702, 610477757626108, 8191
610477757732069, 610478161325438, 610478161340846, 610478161342253, 610478161501566, 610478166432640, 610478166434084, 610478166563546, 8192
610478166681785, 610478571554788, 610478571569677, 610478571570992, 610478571719842, 610478576650731, 610478576652397, 610478576776359, 8191
610478576886228, 610478981158904, 610478981174922, 610478981176311, 610478981324143, 610478986250976, 610478986252402, 610478986377141, 8192
610478986488807, 610479390706132, 610479390721335, 610479390722983, 610479390873759, 610479395799426, 610479395800889, 610479395921943, 8191
610479396041997, 610479799591163, 610479799605274, 610479799606256, 610479799754772, 610479804705735, 610479804707031, 610479804840567, 8192
610479804958677, 610480209837364, 610480209853938, 610480209856864, 610480210002307, 610480214928825, 610480214930270, 610480215048806, 8191
610480215153416, 610480619419629, 610480619433240, 610480619434110, 610480619580608, 610480624509386, 610480624510960, 610480624627959, 8192
610480624734661, 610481029003689, 610481029018856, 610481029020763, 610481029170224, 610481034098373, 610481034100280, 610481034226741, 8191
610481034448720, 610481438590454, 610481438605046, 610481438606435, 610481438749526, 610481443688303, 610481443689748, 610481443806987, 8192
610481443912060, 610481848174181, 610481848191384, 610481848192218, 610481848350845, 610481853280327, 610481853281753, 610481853394307, 8191
610481853500195, 610482257808648, 610482257826018, 610482257828370, 610482258009220, 610482263023015, 610482263024774, 610482263151366, 8192
610482263270327, 610482666606625, 610482666622143, 610482666623236, 610482666769827, 610482671694290, 610482671695734, 610482671816622, 8191
610482671922046, 610483076232203, 610483076247314, 610483076248333, 610483076389905, 610483081318313, 610483081320016, 610483081457978, 8192
610483081575236, 610483486437905, 610483486451923, 610483486453220, 610483486604125, 610483491528533, 610483491530014, 610483491644939, 8191
610483491758289, 610483896048706, 610483896083594, 610483896084761, 610483896232870, 610483901157426, 610483901158944, 610483901278610, 8192
610483901388534, 610484305642692, 610484305659933, 610484305662451, 610484305807653, 610484310742523, 610484310743949, 610484310862707, 8191
610484310981724, 610484715202883, 610484715217882, 610484715219734, 610484715366788, 610484720295640, 610484720297121, 610484720414083, 8192
610484720529933, 610485124755684, 610485124772832, 610485124774943, 610485124920775, 610485129845867, 610485129847367, 610485129966329, 8191
610485130073328, 610485533644974, 610485533659493, 610485533660419, 610485533806325, 610485538730195, 610485538731621, 610485538863934, 8192
610485538975488, 610485943903824, 610485943919268, 610485943920249, 610485944083618, 610485949002322, 610485949003747, 610485949125302, 8191
610485949237671, 610486353506402, 610486353520921, 610486353522198, 610486353668363, 610486358595215, 610486358597048, 610486358723769, 8192
610486358831879, 610486763007667, 610486763022408, 610486763023204, 610486763172091, 610486768099517, 610486768101054, 610486768217757, 8191
610486768324700, 610487171965142, 610487171980346, 610487171981734, 610487172142270, 610487177064918, 610487177066640, 610487177196676, 8192
610487177304341, 610487582205676, 610487582221065, 610487582222750, 610487582375600, 610487587299452, 610487587301212, 610487587424951, 8191
610487587535024, 610487991792922, 610487991807033, 610487991809107, 610487991953698, 610487997265231, 610487997266860, 610487997432636, 8192
610487997544783, 610488401317020, 610488401330761, 610488401331501, 610488401487500, 610488406412499, 610488406413962, 610488406542350, 8191
610488406655534, 610488810917580, 610488810931747, 610488810933080, 610488811081671, 610488816009837, 610488816011448, 610488816125651, 8192
610488816236927, 610489220141533, 610489220158459, 610489220160978, 610489220300069, 610489225225198, 610489225227031, 610489225357789, 8191
610489225577972, 610489630088182, 610489630102904, 610489630103867, 610489630257958, 610489635182865, 610489635184291, 610489635301068, 8192
610489635408381, 610490039643409, 610490039658354, 610490039660187, 610490039813204, 610490044743185, 610490044744667, 610490044861943, 8191
610490044973108, 610490449206044, 610490449220433, 610490449221340, 610490449364468, 610490454288468, 610490454289949, 610490454408800, 8192
610490454517465, 610490858801863, 610490858816345, 610490858817733, 610490858971621, 610490863900824, 610490863902250, 610490864031860, 8191
610490864166284, 610491268429756, 610491268444571, 610491268445571, 610491268593440, 610491273518903, 610491273520717, 610491273642216, 8192
610491273754548, 610491677258084, 610491677272510, 610491677274621, 610491677414805, 610491682339675, 610491682341397, 610491682470507, 8191
610491682576228, 610492087547377, 610492087563729, 610492087565470, 610492087709764, 610492092642949, 610492092644412, 610492092765670, 8192
610492092875632, 610492497085531, 610492497099086, 610492497100030, 610492497256992, 610492502181066, 610492502182825, 610492502359971, 8191
610492502500340, 610492906685887, 610492906700405, 610492906702590, 610492906848107, 610492911774052, 610492911775477, 610492911899698, 8192
610492912022401, 610493316228855, 610493316243725, 610493316245058, 610493316397020, 610493321322112, 610493321324205, 610493321444796, 8191
610493321546276, 610493725167793, 610493725181996, 610493725183126, 610493725328550, 610493730272476, 610493730274013, 610493730400345, 8192
610493730512454, 610494135388531, 610494135404271, 610494135406623, 610494135553455, 610494140485344, 610494140486806, 610494140603898, 8191
610494140713119, 610494545022812, 610494545040479, 610494545041683, 610494545200422, 610494550127625, 610494550129292, 610494550248568, 8192
610494550374789, 610494954475559, 610494954480670, 610494954481800, 610494954554910, 610494959694500, 610494959696519, 610494959951960, 8191
610494960063255, 610495364155192, 610495364169359, 610495364170988, 610495364322931, 610495369253283, 610495369254709, 610495369369559, 8192
610495369480243, 610495773681142, 610495773695308, 610495773696086, 610495773852751, 610495778777362, 610495778778769, 610495778895324, 8191
610495779006989, 610496183306720, 610496183321627, 610496183322775, 610496183468237, 610496188396570, 610496188398403, 610496188524717, 8192
610496188633289, 610496592838725, 610496592854725, 610496592855558, 610496593010445, 610496597936205, 610496597937723, 610496598062777, 8191
610496598277608, 610497002454137, 610497002467822, 610497002468803, 610497002620635, 610497007547523, 610497007548986, 610497007681892, 8192
610497007802187, 610497411995827, 610497412019234, 610497412020030, 610497412181269, 610497417103788, 610497417105287, 610497417224786, 8191
610497417332433, 610497821568165, 610497821583109, 610497821584127, 610497821738570, 610497826670700, 610497826672107, 610497826784680, 8192
610497826887938, 610498231142502, 610498231157095, 610498231158095, 610498231316889, 610498236260519, 610498236261963, 610498236379351, 8191
610498236486701, 610498640073181, 610498640088607, 610498640089607, 610498640238586, 610498645163216, 610498645164660, 610498645286659, 8192
610498645401510, 610499050304085, 610499050320770, 610499050323307, 610499050467546, 610499055393972, 610499055395417, 610499055518878, 8191
610499055625914, 610499459872368, 610499459887682, 610499459888645, 610499460056625, 610499464987958, 610499464989403, 610499465203011, 8192
610499465334250, 610499869428706, 610499869443502, 610499869444446, 610499869595111, 610499874521537, 610499874523278, 610499874644962, 8191
610499874758034, 610500279076691, 610500279094172, 610500279095783, 610500279231596, 610500284166652, 610500284168096, 610500284296928, 8192
610500284413631, 610500690572507, 610500690589303, 610500690590951, 610500690754134, 610500696137611, 610500696139259, 610500696305276, 8191
610500696417534, 610501097545430, 61050109755