Inicio, Continuar, Recep_Num_Muestras, Ampliacion_Array, Recepcion, Convolucion, Historial, Devolucion, Num_Muestras
510894971904947, 510895066555625, 510895066666509, 510895066750571, 510895102775631, 510895193657805, 510895193692908, 510895215777898, 16383
510895239267926, 510895866457918, 510895866844216, 510895866845102, 510895874421120, 510895921832266, 510895921867474, 510895929452034, 8192
510895938504080, 510896690132684, 510896690403411, 510896690404192, 510896698573069, 510896744116577, 510896744152827, 510896766313493, 8191
510896770857302, 510897506204244, 510897506433096, 510897506434034, 510897518323187, 510897563658259, 510897563692946, 510897570665013, 8192
510897581970109, 510898325143172, 510898325376659, 510898325377805, 510898334075219, 510898379431958, 510898379466749, 510898402284596, 8191
510898406982987, 510899146266714, 510899146511972, 510899146512753, 510899155440217, 510899201054869, 510899201090129, 510899213873857, 8192
510899218376729, 510899963597688, 510899963888310, 510899963889248, 510899972509527, 510900017876162, 510900017910953, 510900040610468, 8191
510900044673084, 510900781160275, 510900781243660, 510900781244337, 510900789868835, 510900835264167, 510900835299688, 510900846353537, 8192
510900851684942, 510901620551345, 510901620928737, 510901620929414, 510901629418705, 510901674819974, 510901674856276, 510901694999514, 8191
510901701369243, 510902421185193, 510902421447794, 510902421448472, 510902431116970, 510902476457354, 510902476493083, 510902487581203, 8192
510902506867730, 510904059627991, 510904059886373, 510904059887259, 510904078759572, 510904124269695, 510904124305163, 510904125315257, 8192
510904130802443, 510904131080096, 510904131202178, 510904131202647, 510904140202870, 510904185586953, 510904185621744, 510904207574964, 8191
510904211571383, 510904876934955, 510904877037038, 510904877037610, 510904886928450, 510904932298157, 510904932335501, 510904939696938, 8192
510904946620984, 510905697568293, 510905697945789, 510905697946571, 510905706475184, 510905751853069, 510905751888120, 510905775410127, 8191
510905779712897, 510906516749406, 510906517045913, 510906517046643, 510906528599914, 510906573978683, 510906574013943, 510906579972895, 8192
510906587955264, 510907335858801, 510907336138225, 510907336139006, 510907344768088, 510907390157690, 510907390193576, 510907414182505, 8191
510907418499598, 510908155089965, 510908155371681, 510908155372358, 510908164985544, 510908210568531, 510908210603582, 510908218778554, 8192
510908226469155, 510908974218943, 510908974523054, 510908974523732, 510908983089741, 510909028443875, 510909028479448, 510909052216817, 8191
510909056505681, 510909793420368, 510909793816562, 510909793817239, 510909803010586, 510909848353991, 510909848390137, 510909856478442, 8192
510909864284667, 510910612475857, 510910612797937, 510910612798666, 510910621331446, 510910684498582, 510910684535977, 510910689825092, 8191
510910694321766, 510911431743896, 510911432133684, 510911432134361, 510911441552601, 510911486910329, 510911486945694, 510911517166801, 8192
510911521475560, 510912249324660, 510912249607574, 510912249608251, 510912257806764, 510912303172825, 510912303208502, 510912325129535, 8191
510912329456888, 510913069970290, 510913070264922, 510913070265964, 510913079663475, 510913125035526, 510913125070786, 510913135734743, 8192
510913141172137, 510913889045830, 510913889347702, 510913889348380, 510913898028971, 510913943387428, 510913943423313, 510913965173775, 8191
510913971313558, 510914708211579, 510914708487253, 510914708487774, 510914738374874, 510914783840570, 510914783875778, 510914784463324, 8192
510914788769532, 510915527372379, 510915527648054, 510915527648679, 510915536342186, 510915581735018, 510915581770070, 510915606534148, 8191
510915610479994, 510916345068298, 510916345172047, 510916345172724, 510916354528986, 510916400062702, 510916400100566, 510916407352161, 8192
510916414721411, 510917167880104, 510917168189112, 510917168189685, 510917176744548, 510917222332586, 510917222367794, 510917246881614, 8191
510917251144228, 510917984998269, 510917985387432, 510917985388109, 510917997012265, 510918042509314, 510918042544314, 510918048029572, 8192
510918055986889, 510919623873250, 510919624267517, 510919624268194, 510919633481592, 510919678829373, 510919678864476, 510919686846377, 8192
510919694756402, 510919695265043, 510919695523687, 510919695524312, 510919704419901, 510919749772525, 510919749808826, 510919770618256, 8191
510919774620664, 510920442527024, 510920442968686, 510920442969363, 510920453127544, 510920498496991, 510920498533241, 510920506802898, 8192
510920712898515, 510922082315746, 510922082718867, 510922082719492, 510922092776632, 510922138235505, 510922138270505, 510922146238394, 8192
510922153292387, 510922153747122, 510922153893110, 510922153893631, 510922162694846, 510922208142834, 510922208177730, 510922227569465, 8191
510922231876870, 510922899856614, 510922900243746, 510922900244683, 510922910255261, 510922955700593, 510922955735541, 510922964005407, 8192
510922971197106, 510923719065071, 510923719364547, 510923719365224, 510923727964462, 510923773325888, 510923773361096, 510923794706093, 8191
510923801034885, 510924538328839, 510924538602847, 510924538603524, 510924548268011, 510924593650739, 510924593686572, 510924600572077, 8192
510924616127652, 510925357355005, 510925357746460, 510925357747137, 510925366240646, 510925411637593, 510925411672593, 510925432711082, 8191
510925438877584, 510926176564920, 510926176952833, 510926176953562, 510926397913667, 510926443260562, 510926443296030, 510926444543414, 8192
510926448837434, 510926997381902, 510926997729763, 510926997730440, 510927005851870, 510927051255067, 510927051290014, 510927072183349, 8191
510927076512056, 510927817006343, 510927817300507, 510927817301080, 510927829721218, 510927875282902, 510927875319412, 510927881425133, 8192
510927892438774, 510932730187570, 510932730208403, 510932730209237, 510932945678927, 510933098497676, 510933098533717, 510933106094632, 16383
510933206952071, 510933207828104, 510933207910708, 510933207911645, 510933215511466, 510933331153863, 510933331189956, 510933390342392, 8192
510933390375204, 510933390379006, 510933410401412, 510933410402454, 510933432186301, 510933625154287, 510933625190224, 510933720257044, 16383
510933740567520, 510933740590541, 510933740594447, 510933740595384, 510933740633978, 510933786305297, 510933786341286, 510933832810305, 8192
510933837566560, 510933837707236, 510933837899213, 510933837899734, 510933846887770, 510933903765645, 510933903801217, 510933915757818, 8191
510933921622187, 510934368118238, 510934368397558, 510934368398339, 510934401995559, 510934451719285, 510934451754806, 510934452329279, 8192
510934456633351, 510936008375236, 510936008652264, 510936008653098, 510936019917882, 510936066331277, 510936066366381, 510936071188781, 8192
510936079384585, 510936079536928, 510936079772967, 510936079773800, 510936088559390, 510936135320386, 510936135355386, 510936153528331, 8191
510936160964664, 510936824082008, 510936824193309, 510936824193986, 510936834186127, 510936880985768, 510936881021028, 510936886069103, 8192
510936897531229, 510937644638628, 510937644974094, 510937644974719, 510937653651039, 510937700344952, 510937700380056, 510937718820915, 8191
510937724812887, 510938463874897, 510938464170779, 510938464171508, 510938481984978, 510938531566518, 510938531601414, 510938532207450, 8192
510938536495272, 510939283704701, 510939284013292, 510939284013969, 510939292704039, 510939339582898, 510939339618054, 510939357858655, 8191
510939364346090, 510940102217695, 510940102512484, 510940102513265, 510940114403981, 510940164990251, 510940165025407, 510940165671911, 8192
510940173150483, 510940919837365, 510940919959395, 510940919960437, 510940928433113, 510940973541938, 510940973576938, 510940995082246, 8191
510940999068300, 510941739010249, 510941739124727, 510941739125404, 510941749966286, 510941794959851, 510941794994799, 510941801632337, 8192
510941817445358, 510942562985950, 510942563174958, 510942563175635, 510942571932632, 510942616864948, 510942616899843, 510942638273382, 8191
510942646832932, 510944201045626, 5