Inicio, Continuar, Recep_Num_Muestras, Ampliacion_Array, Recepcion, Convolucion, Historial, Devolucion, Num_Muestras
607492577889786, 607493982351181, 607493982870842, 607493982907897, 607493983403965, 607494002080116, 607494002085857, 607494002888829, 8192
607494003487877, 607495347223078, 607495347239226, 607495347241263, 607495347390020, 607495352324351, 607495352326203, 607495352475294, 8191
607495352654014, 607496712551099, 607496712567821, 607496712569414, 607496712781930, 607496717709501, 607496717711298, 607496717857870, 8192
607496718048831, 607498077860250, 607498077901675, 607498077904657, 607498078201375, 607498093010424, 607498093015424, 607498093337957, 8191
607498093739563, 607499443190752, 607499443237548, 607499443239807, 607499443525174, 607499458329982, 607499458334945, 607499458674070, 8192
607499459089121, 607500808214313, 607500808232017, 607500808233813, 607500808382163, 607500813383531, 607500813385086, 607500813513159, 8191
607500813697194, 607502173546705, 607502173562815, 607502173564556, 607502173715999, 607502178649182, 607502178651089, 607502178782532, 8192
607502178979789, 607503538725931, 607503538743486, 607503538745116, 607503538891466, 607503543817686, 607503543819482, 607503543961054, 8191
607503544158034, 607504904058877, 607504904091506, 607504904092451, 607504904246338, 607504909187650, 607504909189095, 607504909326834, 8192
607504909502480, 607506269295973, 607506269317528, 607506269319824, 607506269504785, 607506274442283, 607506274443709, 607506274624466, 8191
607506274786482, 607507634542402, 607507634557661, 607507634559272, 607507634706011, 607507639635527, 607507639636935, 607507639762711, 8192
607507639876598, 607508999715554, 607508999732461, 607508999734813, 607508999878644, 607509004815938, 607509004817809, 607509004981288, 8191
607509005104027, 607510365042463, 607510365057629, 607510365059333, 607510365207739, 607510370141773, 607510370143236, 607510370273809, 8192
607510370386585, 607511730206856, 607511730223300, 607511730225152, 607511730372668, 607511735311425, 607511735313481, 607511735444090, 8191
607511735560219, 607513095548098, 607513095563801, 607513095565746, 607513095720374, 607513100653205, 607513100654686, 607513100788425, 8192
607513100901646, 607514460714064, 607514460730120, 607514460732083, 607514460889785, 607514465852449, 607514465854004, 607514466009095, 8191
607514466138482, 607515826061010, 607515826076288, 607515826077510, 607515826236212, 607515831243764, 607515831245264, 607515831368596, 8192
607515831482910, 607517191362827, 607517191411975, 607517191414252, 607517191710008, 607517206516575, 607517206521038, 607517206801386, 8191
607517207055717, 607518556698588, 607518556744587, 607518556747106, 607518557050843, 607518571841502, 607518571846373, 607518572187072, 8192
607518572444273, 607519921711667, 607519921727204, 607519921728907, 607519921877295, 607519926812218, 607519926813663, 607519926935457, 8191
607519927042715, 607521287129112, 607521287147223, 607521287149500, 607521287344554, 607521292277310, 607521292278773, 607521292413216, 8192
607521292534307, 607522652215783, 607522652231912, 607522652233671, 607522652386966, 607522657314889, 607522657316334, 607522657446462, 8191
607522657551535, 607524017561265, 607524017578654, 607524017581450, 607524017731096, 607524022660724, 607524022662168, 607524022793130, 8192
607524022904591, 607525382711750, 607525382727527, 607525382729453, 607525382878489, 607525387803542, 607525387804986, 607525387934614, 8191
607525388056428, 607526748048955, 607526748075639, 607526748076602, 607526748241563, 607526753169524, 607526753170969, 607526753297411, 8192
607526753406929, 607528113214958, 607528113231013, 607528113232939, 607528113387344, 607528118323231, 607528118325157, 607528118456822, 8191
607528118566376, 607529478573643, 607529478590865, 607529478593847, 607529478741901, 607529483672769, 607529483674232, 607529483797267, 8192
607529483907470, 607530843719406, 607530843735017, 607530843736276, 607530843892237, 607530848826124, 607530848827550, 607530848960381, 8191
607530849076084, 607532209052370, 607532209070814, 607532209072906, 607532209228071, 607532214153365, 607532214154810, 607532214291604, 8192
607532214544694, 607533574215854, 607533574232039, 607533574234113, 607533574386278, 607533579316868, 607533579318275, 607533579438922, 8191
607533579545532, 607534939540095, 607534939556003, 607534939557799, 607534939710890, 607534944645498, 607534944646924, 607534944772423, 8192
607534944888459, 607536304710431, 607536304725931, 607536304727839, 607536304882337, 607536309809186, 607536309810631, 607536309953203, 8191
607536310069776, 607537670205689, 607537670250485, 607537670252744, 607537670548130, 607537685445233, 607537685449918, 607537685723896, 8192
607537685954449, 607539035359748, 607539035403969, 607539035406284, 607539035706114, 607539050537810, 607539050542310, 607539050814548, 8191
607539051062193, 607540400538102, 607540400553935, 607540400555824, 607540400708729, 607540405641597, 607540405643042, 607540405773429, 8192
607540405890835, 607541765713789, 607541765728808, 607541765730511, 607541765887713, 607541770815007, 607541770816433, 607541770943672, 8191
607541771056097, 607543131038530, 607543131054919, 607543131056308, 607543131209195, 607543136141322, 607543136142804, 607543136271395, 8192
607543136381838, 607544496380623, 607544496428623, 607544496431011, 607544496720415, 607544511527019, 607544511531445, 607544511835386, 8191
607544512315306, 607545861710864, 607545861758290, 607545861760567, 607545862057786, 607545876852835, 607545876857871, 607545877158646, 8192
607545877402791, 607547226715665, 607547226733164, 607547226734646, 607547226880496, 607547231809420, 607547231811420, 607547231942085, 8191
607547232446449, 607548592062053, 607548592088775, 607548592089794, 607548592244736, 607548597173364, 607548597174808, 607548597302751, 8192
607548597413639, 607549957366980, 607549957412516, 607549957414775, 607549957726031, 607549972562079, 607549972566505, 607549972862409, 8191
607549973108239, 607551322694461, 607551322733350, 607551322735683, 607551323029235, 607551337835765, 607551337840598, 607551338419758, 8192
607551338665866, 607552687872611, 607552687916314, 607552687918481, 607552688256977, 607552703111488, 607552703116099, 607552703495724, 8191
607552703730647, 607554053057131, 607554053071890, 607554053073076, 607554053222370, 607554058156423, 607554058157886, 607554058287218, 8192
607554058393161, 607555418239337, 607555418255355, 607555418257540, 607555418437094, 607555423367943, 607555423369406, 607555423495386, 8191
607555423609255, 607556783547466, 607556783562818, 607556783564966, 607556783719335, 607556788652925, 607556788654369, 607556788776294, 8192
607556788891552, 607558148701857, 607558148718875, 607558148720320, 607558148868374, 607558153793112, 607558153794575, 607558153924981, 8191
607558154033591, 607559514069967, 607559514086560, 607559514088245, 607559514252132, 607559519191926, 607559519193407, 607559519316628, 8192
607559519422108, 607560879216117, 607560879232173, 607560879234025, 607560879386208, 607560884319020, 607560884320835, 607560884464074, 8191
607560884573943, 607562245286664, 607562245303108, 607562245304664, 607562245453032, 607562250398937, 607562250400826, 607562250748600, 8192
607562250871024, 607563609734637, 607563609750544, 607563609752248, 607563609894635, 607563614829521, 607563614830929, 607563614973723, 8191
607563615091518, 607564975028507, 607564975043859, 607564975045488, 607564975199320, 607564980128040, 607564980129910, 607564980273482, 8192
607564980391259, 607566340199730, 607566340216064, 607566340217656, 607566340365006, 607566345294467, 607566345295893, 607566345433799, 8191
607566345550075, 607567705552822, 607567705569563, 607567705571211, 607567705733431, 607567710665540, 607567710666984, 607567710802112, 8192
607567710921129, 607569070698268, 607569070715434, 607569070717768, 607569070864359, 607569075793449, 607569075794893, 607569075911207, 8191
607569076030891, 607570436029897, 607570436046397, 607570436047360, 607570436203173, 607570441142003, 607570441143448, 607570441275780, 8192
607570441387260, 607571801206842, 607571801221731, 607571801223398, 607571801375025, 607571806303171, 607571806304653, 607571806454429, 8191
607571806686278, 607573166526953, 607573166542860, 607573166544749, 607573166696636, 607573171627207, 607573171628670, 607573171745910, 8192
607573171853242, 607574531891470, 607574531907544, 607574531908840, 607574532064875, 607574537004910, 607574537006354, 607574537148075, 8192
607574537261629, 607575897038323, 607575897054193, 607575897055841, 607575897208580, 607575902147892, 607575902149300, 607575902284780, 8191
607575902396538, 607577262389469, 607577262406229, 607577262408469, 607577262553431, 607577267481113, 607577267482947, 607577267612241, 8192
607577267712277, 607578627699432, 607578627714802, 607578627716561, 607578627869874, 607578632799705, 607578632801557, 607578632947814, 8192
607578633061535, 607579992877469, 607579992893469, 607579992895321, 607579993043671, 607579997983391, 607579997984835, 607579998120000, 8191
607579998233943, 607581358197616, 607581358212227, 607581358213523, 607581358365873, 607581363294908, 607581363296371, 607581363422962, 8192
607581363529146, 607582723544392, 607582723559077, 607582723560448, 607582723712761, 607582728655258, 607582728656703, 607582728787035, 8192
607582728926496, 607584088705800, 607584088720874, 607584088721837, 607584088876298, 607584093813611, 607584093815092, 607584093948072, 8191
607584094064775, 607585454022077, 607585454037762, 607585454039540, 607585454183297, 607585459120887, 607585459122369, 607585459250627, 8192
607585459365107, 607586819217873, 607586819234966, 607586819236836, 607586819391038, 607586824318536, 607586824320313, 607586824471738, 8191
607586824875585, 607588184523946, 607588184540372, 607588184542150, 607588184688278, 607588189617757, 607588189619442, 607588189756866, 8192
607588189876550, 607589549717409, 607589549733131, 607589549734946, 607589549878685, 607589554808109, 607589554809886, 607589554953403, 8191
607589555067994, 607590915034611, 607590915050296, 607590915052111, 607590915278720, 607590920209180, 607590920210976, 607590920365660, 8192
607590920483695, 607592280212778, 607592280229982, 607592280231759, 607592280378943, 607592285315663, 607592285317570, 607592285459939, 8191
607592285584530, 607593645531665, 607593645547110, 607593645548406, 607593645697793, 607593650639179, 607593650640587, 607593650764900, 8192
607593650884806, 607595010707850, 607595010722776, 607595010724665, 607595010872571, 607595015799402, 607595015801365, 607595015928604, 8191
607595016813168, 607596376038237, 607596376795432, 607596376796451, 607596376959708, 607596381884206, 607596381885650, 607596382010964, 8192
607596382225091, 607597741203256, 607597741219033, 607597741220533, 607597741370958, 607597746310992, 607597746312566, 607597746447491, 8191
607597746565174, 607599106533013, 607599106549883, 607599106551217, 607599106696308, 607599111627638, 607599111629138, 607599111745730, 8192
607599111855080, 607600471853011, 607600471869789, 607600471871733, 607600472026639, 607600476949081, 607600476950544, 607600477088857, 8192
607600477204782, 607601837047585, 607601837063251, 607601837064492, 607601837213435, 607601842138043, 607601842139506, 607601842282708, 8191
607601842397670, 607603202357046, 607603202373046, 607603202374749, 607603202521044, 607603207460671, 607603207462134, 607603207591299, 8192
607603207706520, 607604567711691, 607604567727858, 607604567729747, 607604567870838, 607604572880871, 607604572882427, 607604573018814, 8192
607604573135146, 607605932869969, 607605932885061, 607605932887117, 607605933037819, 607605937963668, 607605937965464, 607605938113611, 8191
607605938227128, 607607298225688, 607607298242503, 607607298244614, 607607298392464, 607607303319295, 607607303320777, 607607303459145, 8192
607607303572570, 607608663381929, 607608663398762, 607608663400558, 607608663562186, 607608668494813, 607608668496295, 607608668640071, 8191
607608668931530, 607610028731148, 607610028747889, 607610028749666, 607610028903831, 607610033847607, 607610033849051, 607610034001883, 8192
607610034314953, 607611393888796, 60761139390