Inicio, Continuar, Recep_Num_Muestras, Ampliacion_Array, Recepcion, Convolucion, Historial, Devolucion, Num_Muestras
607492595981148, 607493982373848, 607493982879749, 607493982939878, 607493983402706, 607493999535776, 607493999540961, 607494002598740, 8192
607494003506433, 607495347230263, 607495347242707, 607495347243615, 607495347387835, 607495352325129, 607495352326611, 607495352380703, 8191
607495352658070, 607496712559543, 607496712573821, 607496712574765, 607496712769911, 607496717723520, 607496717724983, 607496717772389, 8192
607496718052294, 607498077879583, 607498077911879, 607498077914490, 607498078193746, 607498093057201, 607498093061571, 607498093166644, 8191
607498093751378, 607499443204863, 607499443245881, 607499443248140, 607499443517470, 607499458356092, 607499458360481, 607499458471554, 8192
607499459097436, 607500808220276, 607500808235128, 607500808236054, 607500808380404, 607500813308291, 607500813310143, 607500813433400, 8191
607500813701397, 607502173553723, 607502173565778, 607502173566352, 607502173713980, 607502178657848, 607502178659311, 607502178708403, 8192
607502178981363, 607503538732245, 607503538746967, 607503538747930, 607503538889466, 607503543830167, 607503543831611, 607503543879426, 8191
607503544161256, 607504904066099, 607504904095192, 607504904095969, 607504904243727, 607504909174910, 607504909176576, 607504909234724, 8192
607504909505554, 607506269304177, 607506269322584, 607506269323176, 607506269501415, 607506274439116, 607506274440801, 607506274511689, 8191
607506274787001, 607507634548254, 607507634560439, 607507634561679, 607507634703881, 607507639630249, 607507639632120, 607507639683712, 8192
607507639879080, 607508999723942, 607508999739572, 607508999740387, 607508999876200, 607509004822253, 607509004823697, 607509004881623, 8191
607509005105213, 607510365050500, 607510365060926, 607510365061852, 607510365204646, 607510370139662, 607510370141533, 607510370194217, 8192
607510370388937, 607511730213281, 607511730226355, 607511730227411, 607511730370650, 607511735312777, 607511735314203, 607511735367128, 8191
607511735562774, 607513095555913, 607513095569561, 607513095570505, 607513095718800, 607513100648019, 607513100650001, 607513100706871, 8192
607513100903720, 607514460720564, 607514460732898, 607514460733453, 607514460886674, 607514465816449, 607514465818190, 607514465904966, 8191
607514466140186, 607515826068195, 607515826079955, 607515826081380, 607515826233323, 607515831169321, 607515831170987, 607515831288597, 8192
607515831484891, 607517191381586, 607517191422845, 607517191424808, 607517191700730, 607517206501908, 607517206506834, 607517206626222, 8191
607517207062791, 607518556717495, 607518556754087, 607518556756050, 607518557045121, 607518571882446, 607518571886835, 607518571999241, 8192
607518572450921, 607519921717130, 607519921729611, 607519921730537, 607519921874295, 607519926799144, 607519926800922, 607519926857199, 8191
607519927045975, 607521287137945, 607521287152093, 607521287152667, 607521287340831, 607521292275533, 607521292277440, 607521292335236, 8192
607521292538011, 607522652223449, 607522652235764, 607522652236319, 607522652383984, 607522657310463, 607522657312445, 607522657366148, 8191
607522657554905, 607524017569117, 607524017581709, 607524017582302, 607524017728856, 607524022659909, 607524022661798, 607524022713723, 8192
607524022907462, 607525382718231, 607525382730157, 607525382731231, 607525382875952, 607525387801801, 607525387803338, 607525387857115, 8191
607525388059187, 607526748056066, 607526748077973, 607526748078658, 607526748238175, 607526753164580, 607526753166450, 607526753220153, 8192
607526753409095, 607528113222032, 607528113234698, 607528113235680, 607528113384807, 607528118326805, 607528118328249, 607528118378193, 8191
607528118569654, 607529478579754, 607529478594680, 607529478595810, 607529478737993, 607529483665973, 607529483667806, 607529483721268, 8192
607529483909451, 607530843726832, 607530843737665, 607530843738739, 607530843890719, 607530848821531, 607530848823346, 607530848878364, 8191
607530849078065, 607532209059944, 607532209074110, 607532209075240, 607532209225164, 607532214150847, 607532214152643, 607532214206698, 8192
607532215230501, 607533574222965, 607533574236687, 607533574237724, 607533574383667, 607533579309776, 607533579311757, 607533579365016, 8191
607533579547088, 607534939546892, 607534939559706, 607534939561003, 607534939707482, 607534944638850, 607534944640665, 607534944695387, 8192
607534944890607, 607536304716579, 607536304728783, 607536304729857, 607536304880059, 607536309805520, 607536309807464, 607536309865334, 8191
607536310072350, 607537670219763, 607537670260707, 607537670262504, 607537670544482, 607537685350178, 607537685354974, 607537685547546, 8192
607537685965134, 607539035373710, 607539035415728, 607539035417728, 607539035701244, 607539050503292, 607539050508292, 607539050645364, 8191
607539051068730, 607540400545194, 607540400557713, 607540400558694, 607540400705600, 607540405637968, 607540405639783, 607540405694412, 8192
607540405894187, 607541765721104, 607541765732752, 607541765733956, 607541765885602, 607541770810952, 607541770812877, 607541770865340, 8191
607541771058800, 607543131047382, 607543131058289, 607543131059215, 607543131206528, 607543136138470, 607543136140285, 607543136193618, 8192
607543136384931, 607544496395197, 607544496437530, 607544496439604, 607544496716471, 607544511510131, 607544511515075, 607544511640537, 8191
607544512322029, 607545861728753, 607545861766419, 607545861768141, 607545862053601, 607545876871519, 607545876875871, 607545876986074, 8192
607545877414791, 607547226723442, 607547226737127, 607547226737924, 607547226877922, 607547231815123, 607547231816605, 607547231863789, 8191
607547232448634, 607548592068831, 607548592092738, 607548592093498, 607548592243033, 607548597168623, 607548597170512, 607548597226456, 8192
607548597416750, 607549957384035, 607549957424461, 607549957426498, 607549957718439, 607549972555542, 607549972560024, 607549972681522, 8191
607549973114980, 607551322710665, 607551322740072, 607551322741887, 607551323023865, 607551338104299, 607551338109114, 607551338229983, 8192
607551338677644, 607552687886463, 607552687923185, 607552687925055, 607552688251125, 607552703068488, 607552703072729, 607552703217894, 8191
607552703739499, 607554053063168, 607554053074631, 607554053075224, 607554053220092, 607554058154034, 607554058155831, 607554058211182, 8192
607554058397032, 607555418243818, 607555418258985, 607555418260096, 607555418434520, 607555423361147, 607555423362814, 607555423418313, 8191
607555423611051, 607556783555874, 607556783566762, 607556783567318, 607556783717501, 607556788647999, 607556788649888, 607556788702295, 8192
607556788895237, 607558148707524, 607558148722635, 607558148723227, 607558148864911, 607558153791223, 607558153793057, 607558153845093, 8191
607558154037035, 607559514075338, 607559514090375, 607559514091486, 607559514248836, 607559519174185, 607559519175963, 607559519238740, 8192
607559519424479, 607560879222284, 607560879235562, 607560879236154, 607560879384671, 607560884337317, 607560884338798, 607560884388260, 8191
607560884576795, 607562245295201, 607562245306201, 607562245306793, 607562245450421, 607562250606527, 607562250608009, 607562250663897, 8192
607562250874172, 607563609739822, 607563609753877, 607563609754711, 607563609892783, 607563614827021, 607563614828836, 607563614885947, 8191
607563615093185, 607564975033396, 607564975046710, 607564975047747, 607564975196042, 607564980131225, 607564980132688, 607564980184354, 8192
607564980393444, 607566340206249, 607566340218434, 607566340219175, 607566340361191, 607566345292541, 607566345294282, 607566345347429, 8191
607566345552316, 607567705559137, 607567705572803, 607567705573803, 607567705731616, 607567710657225, 607567710659003, 607567710714484, 8192
607567710924222, 607569070704194, 607569070719175, 607569070720249, 607569070861488, 607569075786782, 607569075788819, 607569075838319, 8191
607569076033279, 607570436035304, 607570436048693, 607570436049248, 607570436201321, 607570441125374, 607570441127207, 607570441189836, 8192
607570441389352, 607571801213101, 607571801225157, 607571801225749, 607571801372544, 607571806297134, 607571806299060, 607571806355948, 8191
607571806686111, 607573166534915, 607573166545619, 607573166546212, 607573166694728, 607573171620319, 607573171622152, 607573171674466, 8192
607573171855094, 607574531898988, 607574531910784, 607574531911840, 607574532062449, 607574536986910, 607574536988725, 607574537055131, 8192
607574537263851, 607575897044952, 607575897057045, 607575897058008, 607575897206080, 607575902137763, 607575902139559, 607575902193929, 8191
607575902397963, 607577262398099, 607577262413988, 607577262415043, 607577262551042, 607577267490410, 607577267491873, 607577267539539, 8192
607577267716314, 607578627706413, 607578627718468, 607578627719579, 607578627868152, 607578632813075, 607578632814538, 607578632863371, 8192
607578633063461, 607579992883173, 607579992897025, 607579992897987, 607579993041597, 607579997972965, 607579997974798, 607579998028186, 8191
607579998236277, 607581358203486, 607581358215209, 607581358216264, 607581358363188, 607581363291890, 607581363293890, 607581363346445, 8192
607581363532183, 607582723552115, 607582723563170, 607582723563726, 607582723709872, 607582728640370, 607582728642184, 607582728702258, 8192
607582728929681, 607584088712041, 607584088723634, 607584088724541, 607584088874410, 607584093800167, 607584093802000, 607584093860425, 8191
607584094067960, 607585454025725, 607585454041169, 607585454042429, 607585454180168, 607585459105036, 607585459106851, 607585459164646, 8192
607585459366922, 607586819225929, 607586819238003, 607586819239095, 607586819389001, 607586824334295, 607586824335758, 607586824384665, 8191
607586824879196, 607588184531391, 607588184544390, 607588184545687, 607588184685722, 607588189617590, 607588189619442, 607588189672997, 8192
607588189878161, 607589549721483, 607589549736742, 607589549738001, 607589549876370, 607589554820238, 607589554821645, 607589554866089, 8191
607589555069013, 607590915041741, 607590915054296, 607590915055296, 607590915276238, 607590920223495, 607590920224698, 607590920276013, 8192
607590920487547, 607592280221574, 607592280235093, 607592280235833, 607592280377350, 607592285321162, 607592285322625, 607592285373088, 8191
607592285586807, 607593645537795, 607593645549739, 607593645550869, 607593645694200, 607593650620254, 607593650622161, 607593650684457, 8192
607593650886880, 607595010715036, 607595010726332, 607595010727480, 607595010871237, 607595015809198, 607595015810642, 607595015857549, 8191
607595016817575, 607596376043589, 607596376797803, 607596376798488, 607596376956449, 607596381881835, 607596381883743, 607596381936909, 8192
607596382226591, 607597741210941, 607597741222404, 607597741223219, 607597741368106, 607597746301307, 607597746303085, 607597746361121, 8191
607597746568360, 607599106540013, 607599106552809, 607599106553661, 607599106693252, 607599111620620, 607599111622435, 607599111674027, 8192
607599111858062, 607600471860196, 607600471873215, 607600471874844, 607600472023361, 607600476944396, 607600476946322, 607600477000654, 8192
607600477206948, 607601837053751, 607601837065603, 607601837066159, 607601837210583, 607601842136229, 607601842138025, 607601842192524, 8191
607601842400948, 607603202363897, 607603202376731, 607603202377694, 607603202518322, 607603207444190, 607603207446208, 607603207508300, 8192
607603207709983, 607604567719025, 607604567730950, 607604567731913, 607604567867356, 607604572796150, 607604572797835, 607604572927945, 8192
607604573138553, 607605932873358, 607605932888543, 607605932889487, 607605933033967, 607605937964816, 607605937966242, 607605938020038, 8191
607605938229054, 607607298235447, 607607298247892, 607607298248873, 607607298389353, 607607303316017, 607607303317888, 607607303374054, 8192
607607303573885, 607608663390484, 607608663400965, 607608663401965, 607608663559575, 607608668489424, 607608668491183, 607608668546016, 8191
607608668933067, 607610028735315, 607610028751055, 607610028751889, 607610028900424, 607610033826644, 607610033828385, 607610033899495, 8192
607610034316120, 607611393893870, 60761139390