Inicio, Continuar, Recep_Num_Muestras, Ampliacion_Array, Recepcion, Convolucion, Historial, Devolucion, Num_Muestras
610782478926139, 610782914858002, 610782915039574, 610782915139944, 610782920260034, 610782931127948, 610782931133263, 610782944723516, 8192
610782945989483, 610783324270499, 610783324281647, 610783324283999, 610783352064555, 610783363381835, 610783363386501, 610783364231658, 8191
610783364643635, 610783729929539, 610783729970353, 610783729972761, 610783752125066, 610783770698281, 610783770704003, 610783784405589, 8192
610783800314520, 610784140432375, 610784140472634, 610784140474727, 610784148213806, 610784159874581, 610784159879766, 610784168445651, 8191
610784168918368, 610784552529527, 610784552800376, 610784552802820, 610784556327058, 610784566566109, 610784566570776, 610784590648577, 8192
610784596065516, 610784959525403, 610784959798326, 610784959800604, 610784961146478, 610784971391565, 610784971395917, 610784975597073, 8191
610784976607840, 610785369409006, 610785369683225, 610785369685559, 610785372288085, 610785383052296, 610785383056759, 610785391058965, 8192
610785392770038, 610785777775015, 610785778055623, 610785778057641, 610785780243987, 610785790803349, 610785790808182, 610785794745082, 8191
610785795190966, 610786187204512, 610786187316418, 610786187317492, 610786187423009, 610786190842137, 610786190843730, 610786191027154, 8192
610786191206929, 610786596950949, 610786597067522, 610786597068467, 610786597462999, 610786600885034, 610786600886479, 610786601090791, 8191
610786601230512, 610787006362817, 610787006469852, 610787006470815, 610787006570351, 610787009974331, 610787009975757, 610787010146589, 8192
610787010266439, 610787415927423, 610787416058162, 610787416058940, 610787416606119, 610787420047765, 610787420049284, 610787420264559, 8191
610787425070894, 610787825526529, 610787825627454, 610787825628287, 610787826157651, 610787829576316, 610787829577798, 610787829755592, 8192
610787829890294, 610788235035025, 610788235152801, 610788235153634, 610788235261652, 610788238839426, 610788238840926, 610788239021813, 8191
610788239156608, 610788645325715, 610788645451140, 610788645451955, 610788645559620, 610788648981896, 610788648983341, 610788649150505, 8192
610788649270911, 610789054335383, 610789054586862, 610789054589121, 610789060244891, 610789070481719, 610789070486089, 610789070874215, 8191
610789071154212, 610789464900404, 610789465159216, 610789465161364, 610789465374954, 610789475658894, 610789475663579, 610789477815443, 8192
610789482722684, 610789873510632, 610789873782426, 610789873784314, 610789873986905, 610789884283177, 610789884287640, 610789886507948, 8191
610789886798556, 610790283135756, 610790283413624, 610790283415975, 610790285151178, 610790295389544, 610790295393840, 610790296032684, 8192
610790299951511, 610790692605327, 610790692862916, 610790692864972, 610790693053747, 610790703303206, 610790703307557, 610790705454126, 8191
610790705707752, 610791102207673, 610791102451004, 610791102453078, 610791104281409, 610791114521867, 610791114526237, 610791114932825, 8192
610791115190767, 610791511753502, 610791511841686, 610791511844260, 610791513852496, 610791524097343, 610791524101621, 610791524492839, 8191
610791524748244, 610791922346226, 610791922609871, 610791922612241, 610791928187919, 610791938415470, 610791938419803, 610791938828280, 8192
610791939088536, 610792330797808, 610792330915640, 610792330916454, 610792331025953, 610792334432674, 610792334434118, 610792334598339, 8191
610792334715782, 610792740368691, 610792740402969, 610792740403765, 610792740573745, 610792743977373, 610792743978799, 610792744162611, 8192
610792744887677, 610793149915150, 610793150038444, 610793150039407, 610793150147869, 610793153558312, 610793153559775, 610793153730088, 8191
610793153841235, 610793559495811, 610793559620236, 610793559621032, 610793559725105, 610793563140399, 610793563141788, 610793563299712, 8192
610793563412637, 610793969259730, 610793969522912, 610793969525282, 610793969730465, 610793979978849, 610793979983182, 610793980400418, 8191
610793980665823, 610794380983385, 610794381073070, 610794381075125, 610794381408214, 610794391652672, 610794391656968, 610794392042742, 8192
610794392472700, 610794788436793, 610794788716901, 610794788719086, 610794788917454, 610794814390518, 610794814395370, 610794814846346, 8191
610794815108695, 610795200053209, 610795200335576, 610795200337928, 610795200540204, 610795210785292, 610795210792495, 610795211209731, 8192
610795211482561, 610795607578801, 610795607830169, 610795607832224, 610795608152869, 610795618389605, 610795618393920, 610795618786175, 8191
610795619038524, 610796019169755, 610796019435437, 610796019437900, 610796019624676, 610796029871041, 610796029875374, 610796030262926, 8192
610796030511534, 610796426718328, 610796426802642, 610796426804623, 610796427136323, 610796437391818, 610796437396133, 610796437773277, 8191
610796438033885, 610796844292825, 610796844303640, 610796844305880, 610796844511267, 610796854740225, 610796854744707, 610796855138165, 8192
610796855401681, 610797250426229, 610797250436470, 610797250438859, 610797250643967, 610797254992677, 610797254994122, 610797255169083, 8191
610797255283285, 610797655984769, 610797655990158, 610797655990954, 610797656112138, 610797659515026, 610797659516433, 610797659693209, 8192
610797659811281, 610798065552097, 610798065557616, 610798065558597, 610798065673133, 610798069092909, 610798069094391, 610798069271611, 8191
610798069517219, 610798475132740, 610798475137573, 610798475138666, 610798475248869, 610798478667015, 610798478668626, 610798478846254, 8192
610798478968771, 610798884701142, 610798884706883, 610798884707865, 610798884816493, 610798888233362, 610798888234788, 610798888411063, 8191
610798888528099, 610799295826823, 610799295837342, 610799295839823, 610799296069820, 610799306688163, 610799306692997, 610799307114918, 8192
610799307371544, 610799706647804, 610799706660489, 610799706662507, 610799706857005, 610799717128611, 610799717132963, 610799717524718, 8191
610799717785030, 610800112864522, 610800113113371, 610800113115723, 610800113299776, 610800125668618, 610800125673654, 610800126078668, 8192
610800126334943, 610800524572344, 610800524583066, 610800524585066, 610800524781157, 610800535028300, 610800535032670, 610800535406999, 8191
610800535662830, 610800932022733, 610800932115380, 610800932117510, 610800932466691, 610800944803922, 610800944808829, 610800945220510, 8192
610800945480785, 610801343787573, 610801343797647, 610801343799925, 610801344040645, 610801355170185, 610801355175111, 610801355589718, 8191
610801355852566, 610801751154797, 610801751400275, 610801751402609, 610801751587532, 610801761919601, 610801761924527, 610801762327115, 8192
610801762590186, 610802162721417, 610802162979599, 610802162981969, 610802163173171, 610802173886753, 610802173891550, 610802174279879, 8191
610802174527950, 610802570163139, 610802570288249, 610802570289082, 610802570400988, 610802573818968, 610802573820413, 610802573986503, 8192
610802574096613, 610802980408145, 610802980529921, 610802980530921, 610802980642901, 610802984061085, 610802984062529, 610802984230768, 8191
610802984349137, 610803389994732, 610803390113842, 610803390114712, 610803390221563, 610803393639654, 610803393641116, 610803393814244, 8192
610803393933354, 610803799532560, 610803799656299, 610803799657262, 610803799764613, 610803803180723, 610803803182186, 610803803349535, 8191
610803803469775, 610804210628500, 610804210706018, 610804210708314, 610804211050255, 610804221423526, 610804221428452, 610804221819966, 8192
610804222074704, 610804618186277, 610804618262498, 610804618264813, 610804618590532, 610804628813972, 610804628818305, 610804629212226, 8191
610804629470946, 610805029834396, 610805029911340, 610805029914247, 610805030250743, 610805040504257, 610805040508701, 610805040892049, 8192
610805041140491, 610805442338246, 610805442607318, 610805442609503, 610805442807167, 610805453072995, 610805453077440, 610805453468472, 8191
610805453719303, 610805846908742, 610805846988260, 610805846990463, 610805847348348, 610805857615454, 610805857619991, 610805858030450, 8192
610805858290817, 610806258478473, 610806258559935, 610806258562843, 610806258909839, 610806269232277, 610806269236963, 610806269788864, 8191
610806270252321, 610806668109041, 610806668241521, 610806668244354, 610806668587128, 610806678835901, 610806678840142, 610806679220008, 8192
610806679460450, 610807075612133, 610807075871019, 610807075873223, 610807076083813, 610807086319438, 610807086323827, 610807086714544, 8191
610807086986282, 610807485754510, 610807485878120, 610807485879416, 610807485988693, 610807489404006, 610807489405432, 610807489580911, 8192
610807489701354, 610807894638809, 610807894759326, 610807894760307, 610807894871528, 610807898288638, 610807898290082, 610807898460728, 8191
610807898577338, 610808304862166, 610808304977091, 610808304978072, 610808305086756, 610808308575568, 610808308577142, 610808308770103, 8192
610808308901028, 610808714458031, 610808714573233, 610808714574048, 610808714689935, 610808718108082, 610808718109545, 610808718282858, 8191
610808718404171, 610809125593767, 610809125842116, 610809125844560, 610809126034113, 610809136292145, 610809136296534, 610809136666363, 8192
610809136912361, 610809533087451, 610809533337096, 610809533339782, 610809533529057, 610809544263454, 610809544268528, 610809544690931, 8191
610809544997872, 610809944698145, 610809944973160, 610809944975327, 610809945175973, 610809955417579, 610809955421986, 610809955807815, 8192
610809956086590, 610810352262365, 610810352342346, 610810352345402, 610810352715638, 610810363000244, 610810363004688, 610810363409980, 8191
610810363686977, 610810763824300, 610810763899540, 610810763902059, 610810764288814, 610810774516364, 610810774520661, 610810774906823, 8192
610810775158450, 610811171407243, 610811171484557, 610811171486946, 610811171843164, 610811182078400, 610811182082826, 610811182519543, 8191
610811212457390, 610811583041436, 610811583126713, 610811583128880, 610811583463913, 610811593723519, 610811593727852, 610811594108496, 8192
610811594358364, 610811990533139, 610811990610213, 610811990612824, 610811990975708, 610812001229907, 610812001234389, 610812001635903, 8191
610812001904214, 610812400764163, 610812400770034, 610812400771015, 610812400930532, 610812404351826, 610812404353308, 610812404547232, 8192
610812404679952, 610812811763827, 610812811774123, 610812811776493, 610812811984972, 610812822328392, 610812822333207, 610812823061606, 8191
610812823329307, 610813219353751, 610813219608137, 610813219610563, 610813219803672, 610813232150735, 610813232155754, 610813232563860, 8192
610813232820580, 610813628890838, 610813629145002, 610813629147113, 610813629338333, 610813641760118, 610813641765303, 610813642171021, 8191
610813642604349, 610814040530364, 610814040540512, 610814040542920, 610814040734547, 610814051083912, 610814051088763, 610814051479815, 8192
610814051727349, 610814448535562, 610814448619838, 610814448622172, 610814449044241, 610814461360731, 610814461365768, 610814461775301, 8191
610814462032668, 610814859684760, 610814859695797, 610814859697742, 610814859905943, 610814870174678, 610814870179067, 610814870598063, 8192
610814870861004, 610815267167445, 610815267423442, 610815267425849, 610815267613403, 610815279921708, 610815279926560, 610815280348351, 8191
610815280601626, 610815678777434, 610815678787934, 610815678790193, 610815678972043, 610815689231279, 610815689238483, 610815689611478, 8192
610815689853828, 610816086834335, 610816086839909, 610816086840890, 610816086956463, 610816090550867, 610816090552496, 610816090742809, 8191
610816090866289, 610816495754836, 610816495862261, 610816495863483, 610816495973297, 610816499553960, 610816499555534, 610816499726402, 8192
610816499846271, 610816905260276, 610816905384922, 610816905385941, 610816905489236, 610816908920993, 610816908922456, 610816909109028, 8191
610816909238619, 610817315561910, 610817315683353, 610817315684186, 610817315799222, 610817319216405, 610817319217887, 610817319382255, 8192
610817319501050, 610817724426486, 610817724554114, 610817724554929, 610817724659872, 610817728078556, 610817728079982, 610817728269905, 8191
610817728958046, 610818134737027, 61081813485