Inicio, Continuar, Recep_Num_Muestras, Ampliacion_Array, Recepcion, Convolucion, Historial, Devolucion, Num_Muestras
615344467840544, 615344822927838, 615344822934468, 615344822953634, 615344823017115, 615344833799328, 615344833801439, 615344834011714, 8192
615344834234471, 615345163716773, 615345163734477, 615345163735495, 615345163831698, 615345173669996, 615345173672199, 615345173884716, 8191
615345174102213, 615345504993315, 615345505011185, 615345505012092, 615345505135943, 615345514876408, 615345514880223, 615345515141942, 8192
615345518089168, 615345846239949, 615345846255504, 615345846256486, 615345846346448, 615345856093802, 615345856095524, 615345856224708, 8191
615345857602452, 615346188459202, 615346188473831, 615346188474924, 615346188566034, 615346198277907, 615346198279722, 615346198351036, 8192
615346198523423, 615346528864308, 615346528881567, 615346528882401, 615346528985196, 615346538700013, 615346538701717, 615346538776864, 8191
615346538951918, 615346870151683, 615346870166201, 615346870167034, 615346870268366, 615346879982091, 615346879983888, 615346880058665, 8192
615346880233366, 615347211441150, 615347211454316, 615347211455186, 615347211546926, 615347222248140, 615347222250158, 615347222325084, 8191
615347222494285, 615347552834819, 615347552850115, 615347552851263, 615347552960558, 615347562674339, 615347562675987, 615347562804930, 8192
615347562977872, 615347894149786, 615347894166619, 615347894167711, 615347894269766, 615347904015435, 615347904017361, 615347904124489, 8191
615347904250099, 615348235458975, 615348235475771, 615348235476808, 615348235561974, 615348245304439, 615348245305865, 615348245462826, 8192
615348245615121, 615348576766830, 615348576784164, 615348576785126, 615348576885033, 615348586602850, 615348586604758, 615348586671794, 8191
615348586782607, 615348918103908, 615348918122574, 615348918123593, 615348918225962, 615348927943761, 615348927945483, 615348928078223, 8192
615348928200629, 615349259330357, 615349259344801, 615349259345783, 615349259443486, 615349269160747, 615349269162599, 615349269244746, 8191
615349269356764, 615349600711156, 615349600730656, 615349600731619, 615349600835396, 615349610545621, 615349610547306, 615349610624157, 8192
615349610736211, 615349942004401, 615349942022845, 615349942023827, 615349942159677, 615349951868439, 615349951870217, 615349951948809, 8191
615349952060993, 615350283302479, 615350283319683, 615350283320627, 615350283415922, 615350293133851, 615350293135592, 615350293209832, 8192
615350293301219, 615350624593076, 615350624609687, 615350624610502, 615350624707982, 615350635026978, 615350635028904, 615350635105107, 8191
615350635233031, 615350965905598, 615350965924302, 615350965925283, 615350966020041, 615350975728081, 615350975729896, 615350975805247, 8192
615350975903653, 615351307158584, 615351307177936, 615351307178769, 615351307265990, 615351316979808, 615351316981511, 615351317043066, 8191
615351317136288, 615351648508180, 615351648526235, 615351648527069, 615351648619179, 615351658327108, 615351658328996, 615351658390273, 8192
615351658486439, 615351989838036, 615351989853276, 615351989854221, 615351989950294, 615351999658981, 615351999660759, 615351999736221, 8191
615351999834517, 615352331123817, 615352331138743, 615352331139743, 615352331232446, 615352340945800, 615352340947634, 615352341011429, 8192
615352341108095, 615352672493117, 615352672508506, 615352672509543, 615352672608245, 615352682317063, 615352682318748, 615352682406599, 8191
615352682517394, 615353013812324, 615353013827287, 615353013828176, 615353013931768, 615353023640307, 615353023642104, 615353023715047, 8192
615353023820564, 615353355321604, 615353355337548, 615353355338863, 615353355443843, 615353365166142, 615353365167827, 615353365312029, 8191
615353365594434, 615353696426740, 615353696446536, 615353696447350, 615353696551053, 615353706264222, 615353706265796, 615353706339407, 8192
615353706449109, 615354037721818, 615354037739632, 615354037740651, 615354037839353, 615354048028388, 615354048030295, 615354048120090, 8191
615354048265941, 615354379040710, 615354379058340, 615354379059247, 615354379166357, 615354388877952, 615354388879804, 615354388960655, 8192
615354389179505, 615354720347418, 615354720364529, 615354720365695, 615354720466287, 615354730175956, 615354730177753, 615354730242974, 8191
615354730346399, 615355061682107, 615355061695662, 615355061696625, 615355061797087, 615355071507219, 615355071509034, 615355071581589, 8192
615355071677884, 615355402968500, 615355402983759, 615355402984814, 615355403089554, 615355412804779, 615355412806501, 615355412890963, 8191
615355413026573, 615355744290800, 615355744307225, 615355744308077, 615355744417558, 615355754124764, 615355754126579, 615355754194985, 8192
615355754292466, 615356085595248, 615356085608804, 615356085609841, 615356085708339, 615356095424435, 615356095426268, 615356095500434, 8191
615356095601785, 615356427087268, 615356427092102, 615356427093009, 615356427113509, 615356437987110, 615356437989295, 615356438075535, 8192
615356438182089, 615356768193867, 615356768209089, 615356768209978, 615356768303403, 615356778023387, 615356778024924, 615356778093960, 8191
615356778194200, 615357109497556, 615357109512334, 615357109513241, 615357109602944, 615357119311595, 615357119313391, 615357119384502, 8192
615357119475186, 615357450850801, 615357450865226, 615357450866337, 615357450963059, 615357460686339, 615357460688209, 615357460759190, 8191
615357460971465, 615357792172008, 615357792187452, 615357792188249, 615357792287822, 615357801996472, 615357801998250, 615357802065601, 8192
615357802162471, 615358133451401, 615358133466716, 615358133467697, 615358133559789, 615358143266625, 615358143268347, 615358143347235, 8191
615358143444104, 615358474750775, 615358474771238, 615358474772127, 615358474865385, 615358484581721, 615358484583443, 615358484648369, 8192
615358484744275, 615358816095316, 615358816112427, 615358816113242, 615358816211611, 615358825919984, 615358825921762, 615358825990576, 8191
615358826089779, 615359157399024, 615359157413338, 615359157414357, 615359157508967, 615359167217877, 615359167219618, 615359167291154, 8192
615359167387505, 615359498714398, 615359498731824, 615359498732824, 615359498828378, 615359508541640, 615359508543455, 615359508630139, 8191
615359508735008, 615359840102105, 615359840107086, 615359840107919, 615359840171641, 615359851006150, 615359851008224, 615359851081019, 8192
615359851188759, 615360181332165, 615360181346887, 615360181347980, 615360181445627, 615360191162500, 615360191164352, 615360191239925, 8191
615360191337572, 615360522622299, 615360522637873, 615360522638632, 615360522731705, 615360532444578, 615360532446263, 615360532507207, 8192
615360532599873, 615360864036172, 615360864073023, 615360864073838, 615360864180319, 615360873895599, 615360873897377, 615360873984487, 8191
615360874099911, 615361205287084, 615361205300195, 615361205301232, 615361205397509, 615361215110067, 615361215111882, 615361215187733, 8192
615361215280824, 615361546579699, 615361546596255, 615361546597273, 615361546695272, 615361556410589, 615361556412349, 615361556480052, 8191
615361556573291, 615361887865148, 615361887880277, 615361887881166, 615361887974202, 615361897689631, 615361897691446, 615361897759574, 8192
615361897853629, 615362229190485, 615362229205226, 615362229206170, 615362229298706, 615362239030486, 615362239032171, 615362239164651, 8191
615362239283872, 615362570604377, 615362570627432, 615362570628358, 615362570730023, 615362580449470, 615362580451174, 615362580526692, 8192
615362580627857, 615362911880196, 615362911904288, 615362911905103, 615362912021028, 615362921823770, 615362921825807, 615362921956750, 8191
615362922066304, 615363253195496, 615363253212625, 615363253213718, 615363253319828, 615363263647972, 615363263649990, 615363263731804, 8192
615363263862710, 615363594468445, 615363594484741, 615363594485685, 615363594576332, 615363604287594, 615363604289539, 615363604355779, 8191
615363604448981, 615363935831818, 615363935845633, 615363935846633, 615363935942706, 615363945664153, 615363945665820, 615363945748004, 8192
615363945842059, 615364277120823, 615364277138397, 615364277139415, 615364277245414, 615364286959361, 615364286961102, 615364287089841, 8191
615364287324783, 615364618481382, 615364618498326, 615364618499344, 615364618607084, 615364628337846, 615364628339512, 615364628465992, 8192
615364628583658, 615364959756312, 615364959771793, 615364959772775, 615364959876755, 615364969596924, 615364969598591, 615364969730108, 8191
615364969864051, 615365301075094, 615365301092667, 615365301093834, 615365301198796, 615365310909521, 615365310911224, 615365310993446, 8192
615365311099482, 615365642335561, 615365642353302, 615365642354135, 615365642450449, 615365653002701, 615365653004646, 615365653082793, 8191
615365653193329, 615365983644028, 615365983658491, 615365983659083, 615365983756508, 615365993471715, 615365993473455, 615365993545973, 8192
615365993639527, 615366324942069, 615366324958439, 615366324959162, 615366325051920, 615366334762348, 615366334764163, 615366334836755, 8191
615366334932384, 615366666266554, 615366666281406, 615366666282499, 615366666379775, 615366676100315, 615366676102371, 615366676167574, 8192
615366676266758, 615367007591243, 615367007606280, 615367007607262, 615367007703224, 615367017425060, 615367017427004, 615367017503374, 8191
615367017632465, 615367348875118, 615367348891433, 615367348892433, 615367348985895, 615367358694342, 615367358696286, 615367358764360, 8192
615367358856155, 615367690175715, 615367690193566, 615367690194326, 615367690284251, 615367699997846, 615367699999401, 615367700061141, 8191
615367700161140, 615368031538237, 615368031553366, 615368031554903, 615368031651550, 615368041372997, 615368041374794, 615368041450163, 8192
615368041544958, 615368372870222, 615368372888981, 615368372889981, 615368372988554, 615368382697390, 615368382699223, 615368382771537, 8191
615368382870333, 615368714149837, 615368714166782, 615368714167596, 615368714263595, 615368723973598, 615368723975394, 615368724047505, 8192
615368724146059, 615369055438749, 615369055454527, 615369055455638, 615369055548692, 615369066366646, 615369066368775, 615369066442385, 8191
615369066541921, 615369396753660, 615369396769160, 615369396769845, 615369396864863, 615369406580551, 615369406582143, 615369406660402, 8192
615369406753382, 615369738079979, 615369738097812, 615369738098757, 615369738192052, 615369747898499, 615369747900295, 615369747966221, 8191
615369748076830, 615370079415261, 615370079430871, 615370079431871, 615370079531500, 615370089253336, 615370089255243, 615370089329057, 8192
615370089426908, 615370420694895, 615370420710191, 615370420711191, 615370420800319, 615370430519785, 615370430521470, 615370430588340, 8191
615370430780763, 615370762035843, 615370762054139, 615370762055009, 615370762158415, 615370771866455, 615370771868029, 615370771934417, 8192
615370772039324, 615371103318069, 615371103332106, 615371103333199, 615371103429661, 615371113150182, 615371113151904, 615371113234940, 8191
615371113336957, 615371444680628, 615371444697072, 615371444698054, 615371444802590, 615371454519759, 615371454521574, 615371454592851, 8192
615371454689257, 615371785939966, 615371785954929, 615371785955910, 615371786051095, 615371795762616, 615371795764338, 615371795828430, 8191
615371795927521, 615372127255692, 615372127271711, 615372127272711, 615372127365710, 615372137081601, 615372137083323, 615372137149989, 8192
615372137247488, 615372468593752, 615372468609381, 615372468610418, 615372468710491, 615372478958543, 615372478960580, 615372479036209, 8191
615372479137171, 615372809906237, 615372809921681, 615372809922496, 615372810020495, 615372819742498, 615372819744275, 615372819814756, 8192
615372819905144, 615373151198112, 615373151212315, 615373151213297, 615373151313036, 615373161028558, 615373161030243, 615373161120408, 8191
615373161222463, 615373492483375, 615373492500560, 615373492501116, 615373492597800, 615373502304562, 615373502306395, 615373502379283, 8192
615373502480375, 615373833820342, 615373833836138, 615373833836971, 615373833935970, 615373843645418, 615373843647232, 615373843722880, 8191
615373843825045, 615374175139605, 61537417515