Inicio, Continuar, Recep_Num_Muestras, Ampliacion_Array, Recepcion, Convolucion, Historial, Devolucion, Num_Muestras
610465443314732, 610465874233960, 610465874245200, 610465874288311, 610465874602733, 610465879996061, 610465879997895, 610465880272873, 8192
610465880641424, 610466283663078, 610466283684411, 610466283685115, 610466283830872, 610466288770465, 610466288771891, 610466288852056, 8191
610466289266589, 610466693272361, 610466693282676, 610466693283787, 610466693485581, 610466698413007, 610466698414784, 610466698473321, 8192
610466698748447, 610467102799293, 610467102813126, 610467102814182, 610467102951810, 610467107876680, 610467107878495, 610467107938457, 8191
610467108461044, 610467512391947, 610467512406298, 610467512407743, 610467512549537, 610467517482871, 610467517484334, 610467517533333, 8192
610467517796830, 610467921957008, 610467921969637, 610467921970767, 610467922119691, 610467927047024, 610467927048895, 610467927121894, 8191
610467927399317, 610468331548883, 610468331563087, 610468331563994, 610468331698400, 610468336629826, 610468336631678, 610468336682548, 8192
610468336947230, 610468741071519, 610468741083297, 610468741084389, 610468741225480, 610468746150036, 610468746151832, 610468746205721, 8191
610468746465051, 610469150668710, 610469150680747, 610469150681802, 610469150825930, 610469155752337, 610469155753763, 610469155805392, 8192
610469156061445, 610469560259141, 610469560277659, 610469560278530, 610469560413195, 610469565346213, 610469565348009, 610469565795375, 8191
610469565999372, 610469969837683, 610469969851313, 610469969852350, 610469969987997, 610469974915774, 610469974917237, 610469974970811, 8192
610469975163179, 610470379377967, 610470379390578, 610470379391615, 610470379529762, 610470384455743, 610470384457521, 610470384541224, 8191
610470384790221, 610470788994491, 610470789004324, 610470789005472, 610470789141322, 610470794068600, 610470794070285, 610470794125081, 8192
610470794319875, 610471198562200, 610471198574459, 610471198575477, 610471198710828, 610471203649587, 610471203651050, 610471203701864, 8191
610471203956639, 610471608140483, 610471608151779, 610471608152575, 610471608291592, 610471613216870, 610471613218759, 610471613268907, 8192
610471613449479, 610472017912819, 610472017946671, 610472017948652, 610472018224094, 610472033024575, 610472033029464, 610472033188851, 8191
610472033729437, 610472427410252, 610472427453955, 610472427455622, 610472427716748, 610472442524451, 610472442528803, 610472442627376, 8192
610472443030927, 610472837109348, 610472837141459, 610472837143329, 610472837425530, 610472852242900, 610472852247159, 610472852373361, 8191
610472852896059, 610473246582262, 610473246622299, 610473246624243, 610473246909314, 610473261712499, 610473261717314, 610473261837294, 8192
610473262274381, 610473658197948, 610473658237151, 610473658238837, 610473658521870, 610473673325926, 610473673330740, 610473673479553, 8191
610473673871179, 610474067752306, 610474067787564, 610474067789564, 610474068086913, 610474082872931, 610474082877839, 610474082989282, 8192
610474083387907, 610474475289538, 610474475330759, 610474475333204, 610474475610793, 610474490437996, 610474490442348, 610474490548643, 8191
610474490957657, 610474886856872, 610474886903001, 610474886905057, 610474887196461, 610474902043886, 610474902048275, 610474902154737, 8192
610474902536973, 610475294930839, 610475294943043, 610475294944320, 610475295085985, 610475300017115, 610475300018893, 610475300243075, 8191
610475300427036, 610475703865555, 610475703876055, 610475703877333, 610475704032813, 610475708957776, 610475708959183, 610475709009960, 8192
610475709217143, 610476114096720, 610476114110146, 610476114111423, 610476114255811, 610476119184366, 610476119186051, 610476119236754, 8191
610476119414771, 610476523825594, 610476523838631, 610476523839723, 610476523993295, 610476528923573, 610476528925110, 610476529604140, 8192
610476529831637, 610476933256304, 610476933267952, 610476933268915, 610476933422821, 610476938350284, 610476938352062, 610476938405283, 8191
610476938592688, 610477342836587, 610477342849531, 610477342850661, 610477342990419, 610477347917937, 610477347919641, 610477347971881, 8192
610477348293266, 610477752417815, 610477752427444, 610477752428148, 610477752574202, 610477757513627, 610477757515053, 610477757561831, 8191
610477757735125, 610478161330068, 610478161343846, 610478161345142, 610478161498473, 610478166427603, 610478166429288, 610478166486399, 8192
610478166682230, 610478571559344, 610478571572973, 610478571574177, 610478571717323, 610478576651434, 610478576652897, 610478576708860, 8191
610478576888839, 610478981165867, 610478981178941, 610478981179922, 610478981320865, 610478986249402, 610478986251198, 610478986306809, 8192
610478986490899, 610479390714391, 610479390724891, 610479390726076, 610479390871167, 610479395798537, 610479395800408, 610479395853259, 8191
610479396044738, 610479799598200, 610479799609385, 610479799610552, 610479799751569, 610479804683402, 610479804684958, 610479804753772, 8192
610479804961140, 610480209843975, 610480209855901, 610480209857068, 610480209998974, 610480214926177, 610480214927974, 610480214977843, 8191
610480215155582, 610480619424592, 610480619435629, 610480619436166, 610480619578720, 610480624509886, 610480624511312, 610480624563423, 8192
610480624736495, 610481029011300, 610481029021541, 610481029022726, 610481029167762, 610481034109798, 610481034111243, 610481034159094, 8191
610481034450276, 610481438594639, 610481438608713, 610481438609750, 610481438746692, 610481443673322, 610481443674896, 610481443736507, 8192
610481443913486, 610481848180032, 610481848194458, 610481848195088, 610481848348234, 610481853274901, 610481853276531, 610481853330789, 8191
610481853503824, 610482257817074, 610482257832129, 610482257833351, 610482258005942, 610482262935609, 610482262937405, 610482263076163, 8192
610482263274123, 610482666613088, 610482666625902, 610482666627032, 610482666767512, 610482671692975, 610482671694716, 610482671745789, 8191
610482671923843, 610483076238777, 610483076249888, 610483076250981, 610483076387868, 610483081328831, 610483081330312, 610483081379423, 8192
610483081577365, 610483486442683, 610483486454886, 610483486456034, 610483486602070, 610483491527422, 610483491529107, 610483491579273, 8191
610483491759845, 610483896054539, 610483896086687, 610483896087391, 610483896230963, 610483901157130, 610483901158907, 610483901211814, 8192
610483901389831, 610484305650025, 610484305663840, 610484305664896, 610484305804857, 610484310733338, 610484310735005, 610484310791801, 8191
610484310984613, 610484715206827, 610484715221808, 610484715222753, 610484715363844, 610484720293510, 610484720295306, 610484720348287, 8192
610484720532822, 610485124761832, 610485124775258, 610485124776369, 610485124918238, 610485129844552, 610485129846367, 610485129898126, 8191
610485130077087, 610485533651678, 610485533661993, 610485533663122, 610485533802973, 610485538728954, 610485538730732, 610485538785676, 8192
610485538977822, 610485943910138, 610485943922879, 610485943924064, 610485944081229, 610485949001470, 610485949003247, 610485949054469, 8191
610485949239115, 610486353512828, 610486353525161, 610486353526180, 610486353665345, 610486358602660, 610486358604085, 610486358655029, 8192
610486358835509, 610486763012556, 610486763024797, 610486763025463, 610486763170425, 610486768101332, 610486768102758, 610486768151776, 8191
610486768327644, 610487171970161, 610487171983586, 610487171984938, 610487172139344, 610487177067177, 610487177068603, 610487177119954, 8192
610487177307193, 610487582212047, 610487582224473, 610487582225343, 610487582373045, 610487587299767, 610487587301212, 610487587356248, 8191
610487587537283, 610487991799163, 610487991810033, 610487991810977, 610487991951939, 610487996882402, 610487996884179, 610487997356674, 8192
610487997548561, 610488401323631, 610488401334223, 610488401335316, 610488401484092, 610488406411055, 610488406412851, 610488406466462, 8191
610488406658330, 610488810922339, 610488810934969, 610488810935932, 610488811079967, 610488816009763, 610488816011393, 610488816062559, 8192
610488816239687, 610489220148774, 610489220160459, 610489220161829, 610489220298346, 610489225228754, 610489225230309, 610489225282049, 8191
610489225577861, 610489630094626, 610489630106515, 610489630107274, 610489630254810, 610489635182069, 610489635183736, 610489635236161, 8192
610489635412048, 610490039650354, 610490039661835, 610490039663224, 610490039809926, 610490044740204, 610490044742000, 610490044796370, 8191
610490044976608, 610490449212340, 610490449223284, 610490449224099, 610490449361264, 610490454287894, 610490454289431, 610490454337967, 8192
610490454518817, 610490858809567, 610490858819826, 610490858820622, 610490858968972, 610490863896472, 610490863898009, 610490863950546, 8191
610490864169229, 610491268436312, 610491268447275, 610491268448015, 610491268591310, 610491273525162, 610491273526625, 610491273576587, 8192
610491273757474, 610491677263343, 610491677275695, 610491677277047, 610491677413212, 610491682339545, 610491682341342, 610491682392934, 8191
610491682579265, 610492087554525, 610492087566784, 610492087567933, 610492087707746, 610492092639153, 610492092640949, 610492092695467, 8192
610492092878539, 610492497089068, 610492497101586, 610492497102290, 610492497254121, 610492502222213, 610492502223769, 610492502278935, 8191
610492502502803, 610492906691313, 610492906704627, 610492906705609, 610492906845755, 610492911773255, 610492911775052, 610492911827458, 8192
610492912025086, 610493316235503, 610493316246021, 610493316247095, 610493316394446, 610493321326131, 610493321327556, 610493321375334, 8191
610493321549998, 610493725173626, 610493725184274, 610493725185181, 610493725326661, 610493730256291, 610493730258068, 610493730321845, 8192
610493730516066, 610494135395253, 610494135408345, 610494135409567, 610494135550455, 610494140480658, 610494140482436, 610494140537602, 8191
610494140716211, 610494545029868, 610494545044257, 610494545044886, 610494545198014, 610494550127792, 610494550129310, 610494550184680, 8192
610494550378511, 610494954480874, 610494954490522, 610494954491318, 610494954552299, 610494959476318, 610494959478114, 610494959792351, 8191
610494960065589, 610495364162785, 610495364173062, 610495364174081, 610495364318857, 610495369245320, 610495369247098, 610495369303801, 8192
610495369483132, 610495773687271, 610495773697808, 610495773698531, 610495773849492, 610495778775307, 610495778776992, 610495778831213, 8191
610495779009915, 610496183314831, 610496183324701, 610496183325720, 610496183466107, 610496188398774, 610496188400218, 610496188453699, 8192
610496188636160, 610496592844947, 610496592858910, 610496592859577, 610496593006612, 610496597944353, 610496597945778, 610496597994648, 8191
610496598281182, 610497002461174, 610497002471785, 610497002472933, 610497002617598, 610497007546098, 610497007547875, 610497007605689, 8192
610497007806002, 610497412006641, 610497412022789, 610497412023475, 610497412179084, 610497417103658, 610497417105213, 610497417157268, 8191
610497417334415, 610497821574072, 610497821585683, 610497821586331, 610497821734940, 610497826661737, 610497826663274, 610497826716847, 8192
610497826890271, 610498231148465, 610498231160224, 610498231162002, 610498231314389, 610498236247223, 610498236249019, 610498236307926, 8191
610498236490109, 610498640079014, 610498640091884, 610498640092718, 610498640236401, 610498645162883, 610498645164642, 610498645216808, 8192
610498645404380, 610499050309456, 610499050323567, 610499050324715, 610499050465380, 610499055392658, 610499055394620, 610499055451416, 8191
610499055629655, 610499459878849, 610499459890219, 610499459890886, 610499460054180, 610499464988014, 610499464989458, 610499465068642, 8192
610499465337936, 610499869434946, 610499869446446, 610499869447409, 610499869591482, 610499874521630, 610499874523296, 610499874578518, 8191
610499874761849, 610500279082006, 610500279097765, 610500279098783, 610500279228152, 610500284164170, 610500284165967, 610500284222003, 8192
610500284416797, 610500690578451, 610500690592247, 610500690593766, 610500690750672, 610500696057686, 610500696059334, 610500696193980, 8191
610500696420126, 610501097552152, 61050109756