Inicio, Continuar, Recep_Num_Muestras, Ampliacion_Array, Recepcion, Convolucion, Historial, Devolucion, Num_Muestras
608053191195630, 608054584674889, 608054584697574, 608054584764203, 608054585376122, 608054596326234, 608054596331326, 608054597982622, 8192
608054599141238, 608055947796469, 608055947809209, 608055947811042, 608055947902930, 608055957879572, 608055957883924, 608055958245994, 8191
608055959033855, 608057312543603, 608057312571306, 608057312573251, 608057312953931, 608057324952790, 608057324957994, 608057325116548, 8192
608057325893613, 608058676149417, 608058676162176, 608058676162991, 608058676312212, 608058679619673, 608058679621080, 608058679747912, 8191
608058680844640, 608060042181851, 608060042190277, 608060042190981, 608060042343201, 608060045665773, 608060045667236, 608060045812512, 8192
608060046150915, 608061406762043, 608061406794413, 608061406796524, 608061407119187, 608061417092014, 608061417096143, 608061417478194, 8191
608061418237389, 608062774252052, 608062774277848, 608062774279848, 608062774593770, 608062784545875, 608062784550357, 608062784911964, 8192
608062785639307, 608064137328076, 608064137359113, 608064137361483, 608064137677868, 608064147618233, 608064147623177, 608064148048654, 8191
608064148821570, 608065503157827, 608065503174382, 608065503175104, 608065503328862, 608065506654989, 608065506656434, 608065506785747, 8192
608065507116817, 608066867627205, 608066867641908, 608066867642630, 608066867776870, 608066871103108, 608066871104534, 608066871255625, 8191
608066871517085, 608068233109200, 608068233129867, 608068233132126, 608068233457844, 608068243416246, 608068243420598, 608068243833222, 8192
608068244460289, 608069606486418, 608069606513899, 608069606516103, 608069606842784, 608069618278446, 608069618283372, 608069618422463, 8191
608069619082140, 608070964438909, 608070964457576, 608070964460057, 608070964789813, 608070974751232, 608070974756047, 608070975148450, 8192
608070977423664, 608072329171173, 608072329179210, 608072329179876, 608072329253764, 608072332578318, 608072332579799, 608072332713483, 8191
608072332997683, 608073698431364, 608073698457160, 608073698459790, 608073698810119, 608073708782076, 608073708786428, 608073709425920, 8192
608073710133227, 608075064279374, 608075064300874, 608075064302818, 608075064450650, 608075074356978, 608075074361441, 608075074765917, 8191
608075075362133, 608076424438265, 608076424455506, 608076424456265, 608076424612763, 608076427919909, 608076427921354, 608076428778770, 8192
608076429060359, 608077791797146, 608077791822831, 608077791824794, 608077792187252, 608077802139413, 608077802143709, 608077802492909, 8191
608077803347862, 608079157157031, 608079157181550, 608079157183679, 608079157505823, 608079167462040, 608079167466947, 608079167825221, 8192
608079168434139, 608080524711483, 608080524716576, 608080524717335, 608080524757057, 608080528058574, 608080528060018, 608080528203998, 8191
608080528498457, 608081886106304, 608081886125786, 608081886126786, 608081886295154, 608081889620004, 608081889621467, 608081889757224, 8192
608081890027499, 608083252808433, 608083252833488, 608083252835766, 608083253160818, 608083263194459, 608083263199681, 608083263526955, 8191
608083264135467, 608084616277304, 608084616302544, 608084616304655, 608084616649447, 608084628679213, 608084628684195, 608084628806101, 8192
608084629396612, 608085981676744, 608085981682577, 608085981683262, 608085981722966, 608085985046519, 608085985047964, 608085985177907, 8191
608085985460088, 608087347018648, 608087347024926, 608087347025629, 608087347065129, 608087350374849, 608087350376312, 608087350516681, 8192
608087350796252, 608088713628852, 608088713641740, 608088713643629, 608088713731813, 608088723691863, 608088723696381, 608088724075266, 8191
608088724672666, 608090077223313, 608090077243165, 608090077245368, 608090077578420, 608090089622723, 608090089627649, 608090089748518, 8192
608090090356844, 608091442113463, 608091442129778, 608091442130444, 608091442285313, 608091446315913, 608091446317673, 608091446367802, 8191
608091446642836, 608092808022990, 608092808029582, 608092808030286, 608092808070804, 608092811378617, 608092811380061, 608092811525022, 8192
608092811926388, 608094180101592, 608094180120647, 608094180122666, 608094180245257, 608094190140196, 608094190144844, 608094190543487, 8191
608094191263609, 608095544095270, 608095544112233, 608095544114085, 608095544249546, 608095554151004, 608095554155856, 608095554570740, 8192
608095555179770, 608096903254987, 608096903280154, 608096903282080, 608096903594058, 608096913594292, 608096913599051, 608096913933917, 8191
608096914529059, 608098269113237, 608098269129348, 608098269130200, 608098269295605, 608098272621751, 608098272623214, 608098272758546, 8192
608098273023969, 608099636050529, 608099636057640, 608099636058510, 608099636145102, 608099639452711, 608099639454137, 608099639582265, 8191
608099640295127, 608101004098512, 608101004118122, 608101004120067, 608101004252787, 608101014202263, 608101014207096, 608101014566055, 8192
608101015195640, 608102364365771, 608102364401937, 608102364403678, 608102364715544, 608102374674668, 608102374679538, 608102375029164, 8191
608102377284563, 608103730006874, 608103730013819, 608103730014522, 608103730093392, 608103733416353, 608103733417816, 608103733561444, 8192
608103733832589, 608105095179187, 608105095186409, 608105095187113, 608105095263723, 608105098584851, 608105098586332, 608105098715182, 8191
608105099265602, 608106461958703, 608106461977925, 608106461979906, 608106462113145, 608106472078732, 608106472083084, 608106472450876, 8192
608106473038517, 608107825317944, 608107825347518, 608107825349333, 608107825671681, 608107835628397, 608107835633267, 608107835977634, 8191
608107838304828, 608109190664329, 608109190686476, 608109190688402, 608109191015491, 608109201897326, 608109201901715, 608109202019917, 8192
608109203669453, 608110556201322, 608110556209192, 608110556209896, 608110556286914, 608110559593467, 608110559594856, 608110559723910, 8191
608110560019240, 608111921512892, 608111921519373, 608111921520021, 608111921592428, 608111924916519, 608111924917963, 608111925046110, 8192
608111925314421, 608113288140706, 608113288158928, 608113288160891, 608113288303296, 608113298250809, 608113298255124, 608113298640878, 8191
608113299230297, 608114651664537, 608114651690611, 608114651692852, 608114652023866, 608114661966935, 608114661971768, 608114662316116, 8192
608114664641181, 608116017185160, 608116017192327, 608116017193068, 608116017271344, 608116020594639, 608116020596083, 608116020724267, 8191
608116020998764, 608117382518600, 608117382526396, 608117382527100, 608117382611988, 608117385934375, 608117385935819, 608117386061614, 8192
608117386381055, 608118749142247, 608118749160302, 608118749162154, 608118749294764, 608118759242536, 608118759246850, 608118759629179, 8191
608118760245616, 608120112694634, 608120112725448, 608120112727689, 608120113038870, 608120122997901, 608120123002642, 608120123347379, 8192
608120125644889, 608121478174201, 608121478181368, 608121478182238, 608121478257145, 608121481580550, 608121481582032, 608121481723456, 8191
608121481989712, 608122842953203, 608122842971314, 608122842972073, 608122843132812, 608122846454125, 608122846455643, 608122846585531, 8192
608122846862176, 608124210399803, 608124210423247, 608124210425192, 608124210768188, 608124220740533, 608124220744830, 608124221140492, 8191
608124221729022, 608125573664452, 608125573699118, 608125573701656, 608125574030948, 608125583988460, 608125583992849, 608125584383734, 8192
608125584975023, 608126938842005, 608126938867801, 608126938869930, 608126939182667, 608126949153995, 608126949158365, 608126949509250, 8191
608126950080410, 608128304793289, 608128304810418, 608128304811122, 608128304985342, 608128308309266, 608128308310766, 608128308441801, 8192
608128308700761, 608129669840417, 608129669855731, 608129669856639, 608129670021600, 608129673343024, 608129673344450, 608129673473652, 8191
608129673727630, 608131036414156, 608131036438638, 608131036441063, 608131036787411, 608131046749646, 608131046753905, 608131047097623, 8192
608131047687876, 608132399785934, 608132399810693, 608132399812767, 608132400155855, 608132410103386, 608132410107775, 608132410471567, 8191
608132411237447, 608133764938782, 608133764951967, 608133764952671, 608133765108669, 608133768430852, 608133768432352, 608133768562740, 8192
608133768930828, 608135130805419, 608135130819289, 608135130820326, 608135130990417, 608135134313026, 608135134314507, 608135134440654, 8191
608135134699336, 608136495614753, 608136495643994, 608136495646883, 608136495969638, 608136505932947, 608136505937373, 608136506315109, 8192
608136506933787, 608137860834009, 608137860858656, 608137860860619, 608137861203115, 608137871158480, 608137871162776, 608137871530457, 8191
608137872151913, 608139227616171, 608139227646430, 608139227648375, 608139227966538, 608139237934828, 608139237939235, 608139238307601, 8192
608139238882094, 608140591808124, 608140591824401, 608140591825809, 608140591985325, 608140595627801, 608140595629283, 608140595675523, 8191
608140595941983, 608141956422979, 608141956441960, 608141956442849, 608141956607069, 608141959914549, 608141959915956, 608141960059010, 8192
608141960982888, 608143321776269, 608143321801899, 608143321803954, 608143322144024, 608143332109277, 608143332113722, 608143332468792, 8191
608143333116543, 608144689221609, 608144689251368, 608144689253664, 608144689589068, 608144699547136, 608144699551525, 608144699902502, 8192
608144700521754, 608146052137854, 608146052149539, 608146052150724, 608146052317889, 608146055624184, 608146055625480, 608146055798793, 8191
608146056797688, 608147418164766, 608147418177229, 608147418178099, 608147418382134, 608147421746983, 608147421748687, 608147421837668, 8192
608147422106275, 608148782774454, 608148782804565, 608148782806676, 608148783115265, 608148793082092, 608148793086370, 608148793486143, 8191
608148794074210, 608150150337959, 608150150372126, 608150150374292, 608150150692437, 608150160656930, 608150160661319, 608150161027704, 8192
608150161605216, 608151513328444, 608151513358073, 608151513359888, 608151513698995, 608151523663082, 608151523667508, 608151524054392, 8191
608151524640718, 608152879180006, 608152879203969, 608152879205024, 608152879379300, 608152882699446, 608152882700854, 608152882834241, 8192
608152883091682, 608154243614900, 608154243629362, 608154243630473, 608154243781620, 608154247101247, 608154247102710, 608154247229153, 8191
608154247480576, 608155609092522, 608155609122392, 608155609124280, 608155609434147, 608155619391493, 608155619395808, 608155619777025, 8192
608155620396870, 608156976373900, 608156976397011, 608156976399122, 608156976731840, 608156986689075, 608156986693316, 608156987037275, 8191
608156987833358, 608158339467068, 608158339481994, 608158339482827, 608158339637233, 608158342958435, 608158342959879, 608158343089359, 8192
608158343346763, 608159704665379, 608159704681878, 608159704682786, 608159704838525, 608159708172837, 608159708174745, 608159708294892, 8191
608159708933625, 608161070130204, 608161070154463, 608161070156445, 608161070485478, 608161080469490, 608161080474416, 608161080862541, 8192
608161081445627, 608162435359884, 608162435384866, 608162435387310, 608162435713602, 608162445667874, 608162445671985, 608162446042203, 8191
608162446649733, 608163800425881, 608163800442455, 608163800443955, 608163800601768, 608163803908525, 608163803909933, 608163804058505, 8192
608163805227047, 608165165585784, 608165165601525, 608165165602710, 608165165769190, 608165169091188, 608165169092613, 608165169227816, 8191
608165169509164, 608166533297935, 608166533329287, 608166533331787, 608166533671079, 608166543623499, 608166543627832, 608166543976180, 8192
608166544585284, 608167898416376, 608167898446986, 608167898449005, 608167898768983, 608167908737476, 608167908741736, 608167909098898, 8191
608167909686965, 608169261707689, 608169261731226, 608169261733541, 608169262059445, 608169272395434, 608169272400249, 608169272520747, 8192
608169273129166, 608170626615336, 608170626628706, 608170626629614, 608170626785964, 608170630106314, 608170630107758, 608170630237497, 8191
608170630485568, 608171991931570, 60817199194