Inicio, Continuar, Recep_Num_Muestras, Ampliacion_Array, Recepcion, Convolucion, Historial, Devolucion, Num_Muestras
615443058439789, 615443417603650, 615443417614261, 615443417655187, 615443417829944, 615443423286290, 615443423288753, 615443423580750, 8192
615443424138762, 615443760215029, 615443760227307, 615443760228659, 615443760372657, 615443765817800, 615443765819578, 615443765911725, 8191
615443772426689, 615444098953285, 615444098964340, 615444098964933, 615444099166208, 615444104124524, 615444104125968, 615444104187152, 8192
615444104709461, 615444440246475, 615444440260623, 615444440261512, 615444440410399, 615444445342418, 615444445343844, 615444445392936, 8191
615444445655378, 615444780898265, 615444780909283, 615444780910117, 615444781056245, 615444786015486, 615444786017411, 615444786228465, 8192
615444786529054, 615445124049305, 615445124072656, 615445124073267, 615445124217655, 615445129147118, 615445129148803, 615445129385190, 8191
615445129799352, 615445464249933, 615445464261674, 615445464262599, 615445464398746, 615445469329617, 615445469331043, 615445469379709, 8192
615445469642428, 615445805443920, 615445805453772, 615445805454328, 615445805614919, 615445810553438, 615445810555215, 615445810609344, 8191
615445810858175, 615446146101636, 615446146113525, 615446146114118, 615446146266912, 615446151211394, 615446151212838, 615446151258412, 8192
615446151498557, 615446487438344, 615446487451141, 615446487452233, 615446487611157, 615446492573676, 615446492575417, 615446492628527, 8191
615446492852821, 615446829438490, 615446829448378, 615446829449490, 615446829604414, 615446834550747, 615446834552451, 615446834618450, 8192
615446834881244, 615447170747846, 615447170762254, 615447170763198, 615447170922696, 615447175856160, 615447175857974, 615447175929140, 8191
615447176154693, 615447512884749, 615447512898434, 615447512899360, 615447513043451, 615447517975229, 615447517976803, 615447518030173, 8192
615447518218153, 615447853319819, 615447853332560, 615447853333208, 615447853487077, 615447858430003, 615447858431410, 615447858479280, 8191
615447858662797, 615448194663157, 615448194677416, 615448194678564, 615448194830507, 615448199760526, 615448199762322, 615448199819377, 8192
615448199999153, 615448535934033, 615448535944551, 615448535945366, 615448536177697, 615448541113882, 615448541115660, 615448541164178, 8191
615448541344935, 615448876597508, 615448876606989, 615448876607582, 615448876761617, 615448881704747, 615448881706173, 615448881756265, 8192
615448881948133, 615449218575246, 615449218590579, 615449218591671, 615449218743577, 615449223688485, 615449223689892, 615449223736373, 8191
615449223916668, 615449559923491, 615449559936954, 615449559938065, 615449560095619, 615449565021471, 615449565022897, 615449565072563, 8192
615449565250487, 615449901195478, 615449901205811, 615449901206459, 615449901363235, 615449906295291, 615449906296810, 615449906344124, 8191
615449906552066, 615450246486197, 615450246519308, 615450246521715, 615450246834934, 615450261697546, 615450261701861, 615450261814767, 8192
615450262298447, 615450583316085, 615450583356603, 615450583358900, 615450583634174, 615450598479083, 615450598484101, 615450598601655, 8191
615450599018577, 615450926670567, 615450926706752, 615450926708752, 615450927001175, 615450941834046, 615450941838287, 615450941959193, 8192
615450942404447, 615451265908688, 615451265954428, 615451265956243, 615451266246240, 615451281094722, 615451281099185, 615451281203406, 8191
615451281613716, 615451607239804, 615451607282840, 615451607284710, 615451607559837, 615451622416412, 615451622420856, 615451622517485, 8192
615451622927314, 615451950578119, 615451950834635, 615451950836598, 615451950972781, 615451965773764, 615451965778616, 615451966226796, 8191
615451966652532, 615452291863420, 615452291903364, 615452291905105, 615452292214083, 615452307016788, 615452307021640, 615452307148139, 8192
615452307552153, 615452631165003, 615452631202040, 615452631203744, 615452631486000, 615452646276149, 615452646280594, 615452646397722, 8191
615452646811625, 615452974520837, 615452974560337, 615452974562207, 615452974854778, 615452989659576, 615452989664001, 615452989853333, 8192
615452990470122, 615453313831049, 615453313861734, 615453313863790, 615453314151305, 615453323797494, 615453323799309, 615453323851845, 8191
615453324058324, 615453655674122, 615453655689456, 615453655690622, 615453655838195, 615453660768973, 615453660770529, 615453660821361, 8192
615453661008007, 615453996287005, 615453996298894, 615453996300042, 615453996451226, 615454001377245, 615454001379060, 615454001437707, 8191
615454001648223, 615454338318891, 615454338328539, 615454338329428, 615454338502889, 615454343448371, 615454343450167, 615454343506889, 8192
615454343700738, 615454680979714, 615454680993251, 615454680993936, 615454681165490, 615454686091416, 615454686092972, 615454686150434, 8191
615454686339914, 615455020941216, 615455020958401, 615455020959382, 615455021107917, 615455026034603, 615455026036214, 615455026088899, 8192
615455026270378, 615455362177073, 615455362192925, 615455362193980, 615455362349182, 615455367292405, 615455367293886, 615455367338053, 8191
615455367517588, 615455702851400, 615455702866974, 615455702867937, 615455703010046, 615455707939732, 615455707941306, 615455707993102, 8192
615455709005202, 615456044884674, 615456044897267, 615456044898341, 615456045050858, 615456049997136, 615456049998562, 615456050047172, 8191
615456050351465, 615456386178161, 615456386189291, 615456386190235, 615456386347881, 615456391275252, 615456391277086, 615456391333863, 8192
615456391519231, 615456727451240, 615456727463203, 615456727464277, 615456727608165, 615456732538461, 615456732540091, 615456732605664, 8191
615456732781088, 615457068808115, 615457068821226, 615457068822245, 615457068974206, 615457073907540, 615457073908947, 615457073962261, 8192
615457074144944, 615457410074954, 615457410088083, 615457410089231, 615457410242748, 615457415185489, 615457415186934, 615457415232507, 8191
615457415410376, 615457751417884, 615457751430884, 615457751431662, 615457751577253, 615457756524475, 615457756525883, 615457756575586, 8192
615457756760880, 615458092729056, 615458092742778, 615458092743796, 615458092895035, 615458097821554, 615458097823110, 615458097872628, 8191
615458098055478, 615458433384975, 615458433398716, 615458433399512, 615458433542362, 615458438478048, 615458438479530, 615458438542992, 8192
615458438754656, 615458775333010, 615458775343417, 615458775344158, 615458775500175, 615458780438324, 615458780439768, 615458780490730, 8191
615458780673376, 615459116677867, 615459116692792, 615459116693700, 615459116842105, 615459121767087, 615459121768662, 615459121821920, 8192
615459121997863, 615459457931835, 615459457945761, 615459457946872, 615459458100352, 615459463043000, 615459463044408, 615459463087703, 8191
615459463267701, 615459798564014, 615459798575403, 615459798575958, 615459798724346, 615459803664865, 615459803666439, 615459803711531, 8192
615459803881399, 615460139911426, 615460139925333, 615460139926593, 615460140082961, 615460145020388, 615460145022184, 615460145076368, 8191
615460145269811, 615460481919571, 615460481930738, 615460481931571, 615460482086477, 615460487014588, 615460487016440, 615460487071125, 8192
615460487254252, 615460823178910, 615460823191780, 615460823192614, 615460823341686, 615460828273853, 615460828275409, 615460828324001, 8191
615460828510591, 615461164529600, 615461164542488, 615461164543396, 615461164692468, 615461169617173, 615461169618747, 615461169737708, 8192
615461169912373, 615461505842123, 615461505856067, 615461505857253, 615461506007140, 615461510934955, 615461510936659, 615461511001306, 8191
615461511184452, 615461847144721, 615461847157535, 615461847158239, 615461847316052, 615461852433477, 615461852435625, 615461852489198, 8192
615461852688381, 615462188452040, 615462188465800, 615462188467151, 615462188616372, 615462193541410, 615462193543132, 615462193590835, 8191
615462193765296, 615462529093479, 615462529105682, 615462529106238, 615462529259940, 615462534201663, 615462534203070, 615462534248829, 8192
615462534434141, 615462871063773, 615462871074310, 615462871075180, 615462871229975, 615462876349566, 615462876351084, 615462876398195, 8191
615462876682803, 615463212431666, 615463212444703, 615463212445277, 615463212600664, 615463217529331, 615463217531146, 615463217593293, 8192
615463217797273, 615463553700930, 615463553714653, 615463553715504, 615463553870447, 615463558797392, 615463558799170, 615463558848595, 8191
615463559022593, 615463894342887, 615463894354109, 615463894354628, 615463894507274, 615463899438756, 615463899440201, 615463899487960, 8192
615463899659698, 615464235659966, 615464235671688, 615464235672948, 615464235820946, 615464240752428, 615464240754224, 615464240806742, 8191
615464240999888, 615464577663963, 615464577678686, 615464577679556, 615464577828517, 615464582755184, 615464582756758, 615464582807739, 8192
615464582989330, 615464918963728, 615464918976339, 615464918977172, 615464919129578, 615464924059338, 615464924060856, 615464924125874, 8191
615464924491425, 615465260313455, 615465260330973, 615465260331973, 615465260484527, 615465265412120, 615465265413712, 615465265465119, 8192
615465265641339, 615465601574164, 615465601588552, 615465601589756, 615465601736143, 615465606663144, 615465606664774, 615465606717736, 8191
615465606944845, 615465942927835, 615465942944668, 615465942945483, 615465943091296, 615465948041889, 615465948043333, 615465948096333, 8192
615465948283553, 615466284202118, 615466284212525, 615466284213192, 615466284366857, 615466289291950, 615466289293524, 615466289363060, 8191
615466289541410, 615466624846130, 615466624859593, 615466624860538, 615466625010240, 615466629933870, 615466629935277, 615466629988036, 8192
615466630181256, 615466966827054, 615466966840239, 615466966841276, 615466966983497, 615466971910330, 615466971912127, 615466971960071, 8191
615466972173198, 615467308179281, 615467308193188, 615467308194169, 615467308339557, 615467313283742, 615467313285205, 615467313335556, 8192
615467313525258, 615467649446027, 615467649463064, 615467649464027, 615467649607914, 615467654533322, 615467654534859, 615467654590692, 8191
615467654770023, 615467990789105, 615467990801198, 615467990802198, 615467990954437, 615467995880419, 615467995881956, 615467995933178, 8192
615467996137342, 615468331395952, 615468331407748, 615468331408840, 615468331556246, 615468336486580, 615468336488376, 615468336539376, 8191
615468336842594, 615468673409060, 615468673423874, 615468673424782, 615468673568021, 615468678531669, 615468678533336, 615468678583076, 8192
615468678773426, 615469014747898, 615469014761305, 615469014762305, 615469014912859, 615469019838193, 615469019839878, 615469019895581, 8191
615469020264540, 615469356047958, 615469356077032, 615469356077736, 615469356233549, 615469361163661, 615469361165105, 615469361218123, 8192
615469361404343, 615469697333371, 615469697344445, 615469697345371, 615469697496777, 615469702432444, 615469702433999, 615469702488851, 8191
615469702684904, 615470038696635, 615470038712153, 615470038713116, 615470038867948, 615470043810652, 615470043812041, 615470043864022, 8192
615470044124815, 615470379247482, 615470379263944, 615470379265204, 615470379416295, 615470384357054, 615470384358832, 615470384488942, 8191
615470384834586, 615470721292293, 615470721305515, 615470721306515, 615470721460754, 615470726404958, 615470726406384, 615470726453976, 8192
615470726631271, 615471062610502, 615471062623205, 615471062624224, 615471062771796, 615471068114348, 615471068115792, 615471068162755, 8191
615471068343216, 615471403900396, 615471403912970, 615471403913877, 615471404077764, 615471409014820, 615471409016654, 615471409074375, 8192
615471409276725, 615471745198957, 615471745212253, 615471745213308, 615471745361270, 615471750288770, 615471750290344, 615471750344047, 8191
615471750541619, 615472086548184, 615472086562109, 615472086563017, 615472086712274, 615472091638608, 615472091640386, 615472091710293, 8192
615472091894124, 615472427822763, 615472427836355, 615472427837522, 615472427990354, 615472432921002, 615472432922558, 615472432975428, 8191
615472433161092, 615472769176453, 61547276918