Inicio, Continuar, Recep_Num_Muestras, Ampliacion_Array, Recepcion, Convolucion, Historial, Devolucion, Num_Muestras
615443057857851, 615443416086612, 615443416093723, 615443416108019, 615443417832759, 615443423298309, 615443423299827, 615443423765526, 8192
615443424072115, 615443760206974, 615443760223770, 615443760225659, 615443760375657, 615443765423360, 615443765425749, 615443766111482, 8191
615443772420412, 615444098946081, 615444098962229, 615444098963803, 615444099175116, 615444104115227, 615444104117079, 615444104329336, 8192
615444104705647, 615444440239679, 615444440256382, 615444440258290, 615444440413510, 615444445339566, 615444445341270, 615444445468028, 8191
615444445653878, 615444780891043, 615444780906654, 615444780907857, 615444781058634, 615444786170206, 615444786171854, 615444786330871, 8192
615444786527276, 615445124041064, 615445124068749, 615445124069767, 615445124220636, 615445129325820, 615445129327838, 615445129532929, 8191
615445129796574, 615445464242526, 615445464258229, 615445464259470, 615445464401042, 615445469326802, 615445469328654, 615445469449042, 8192
615445469640336, 615445805438106, 615445805451180, 615445805452013, 615445805618233, 615445810555215, 615445810556660, 615445810672418, 8191
615445810853990, 615446146095821, 615446146111007, 615446146112636, 615446146269912, 615446151194653, 615446151196431, 615446151328189, 8192
615446151495835, 615446487431567, 615446487447437, 615446487448548, 615446487612880, 615446492548047, 615446492549843, 615446492714860, 8191
615446492849247, 615446829431045, 615446829444638, 615446829445490, 615446829607525, 615446834534988, 615446834536655, 615446834731690, 8192
615446834878670, 615447170742235, 615447170758254, 615447170760142, 615447170926178, 615447175875937, 615447175877456, 615447176024695, 8191
615447176151379, 615447512876860, 615447512894305, 615447512895805, 615447513046655, 615447517980544, 615447517982063, 615447518095432, 8192
615447518215579, 615447853314171, 615447853328634, 615447853329597, 615447853490984, 615447858414837, 615447858416596, 615447858540965, 8191
615447858659093, 615448194656287, 615448194673342, 615448194675546, 615448194832507, 615448199761211, 615448199762693, 615448199887654, 8192
615448199997375, 615448535926996, 615448535941329, 615448535942218, 615448536180160, 615448541119104, 615448541120567, 615448541232418, 8191
615448541341491, 615448876590452, 615448876604526, 615448876605563, 615448876764969, 615448881689155, 615448881690969, 615448881827412, 8192
615448881945170, 615449218571579, 615449218588172, 615449218589783, 615449218746448, 615449223672170, 615449223673967, 615449223805410, 8191
615449223915075, 615449559917509, 615449559934194, 615449559936361, 615449560098544, 615449565019638, 615449565021434, 615449565139155, 8192
615449565248913, 615449901189774, 615449901203440, 615449901204292, 615449901366142, 615449906290032, 615449906291828, 615449906424382, 8191
615449906549918, 615450246466197, 615450246508604, 615450246511123, 615450246842341, 615450261660435, 615450261665435, 615450262024357, 8192
615450262290336, 615450583302734, 615450583345585, 615450583347992, 615450583638767, 615450598498786, 615450598503342, 615450598775524, 8191
615450599011355, 615450926656512, 615450926698067, 615450926700641, 615450927006267, 615450941816472, 615450941821306, 615450942144487, 8192
615450942398595, 615451265898392, 615451265943669, 615451265946150, 615451266250721, 615451281073019, 615451281078204, 615451281370589, 8191
615451281607753, 615451607230007, 615451607275099, 615451607277192, 615451607566393, 615451622363635, 615451622368375, 615451622684390, 8192
615451622921647, 615451950564045, 615451950823839, 615451950825894, 615451950978189, 615451966117335, 615451966122112, 615451966402517, 8191
615451966646458, 615452291847606, 615452291895513, 615452291897587, 615452292220879, 615452307045510, 615452307049881, 615452307305841, 8192
615452307543449, 615452631156318, 615452631195114, 615452631197521, 615452631494444, 615452646290409, 615452646294797, 615452646564554, 8191
615452646808643, 615452974508856, 615452974551578, 615452974553744, 615452974860463, 615452989738556, 615452989743186, 615452990017757, 8192
615452990470789, 615453313810439, 615453313853123, 615453313855623, 615453314158490, 615453323801605, 615453323803105, 615453323933807, 8191
615453324055695, 615453655670641, 615453655686419, 615453655687715, 615453655841621, 615453660775028, 615453660776528, 615453660896546, 8192
615453661005767, 615453996280246, 615453996294839, 615453996295802, 615453996454004, 615454001378986, 615454001380467, 615454001527373, 8191
615454001646149, 615454338311539, 615454338326317, 615454338327465, 615454338507056, 615454343452130, 615454343453593, 615454343569777, 8192
615454343698276, 615454680974270, 615454680990029, 615454680992344, 615454681168934, 615454686101824, 615454686103342, 615454686229082, 8191
615454686337488, 615455020936456, 615455020955012, 615455020957475, 615455021110417, 615455026036399, 615455026037899, 615455026162935, 8192
615455026269064, 615455362172203, 615455362189258, 615455362189962, 615455362351664, 615455367276553, 615455367278127, 615455367404811, 8191
615455367516736, 615455702848048, 615455702863603, 615455702865196, 615455703012787, 615455707940751, 615455707942213, 615455708084564, 8192
615455709001091, 615456044878915, 615456044893563, 615456044895137, 615456045052691, 615456049980284, 615456049982173, 615456050118653, 8191
615456050348169, 615456386169328, 615456386184920, 615456386185994, 615456386350029, 615456391276067, 615456391277549, 615456391402455, 8192
615456391514805, 615456727445833, 615456727460018, 615456727461425, 615456727609887, 615456732559906, 615456732561406, 615456732671108, 8191
615456732778977, 615457068802319, 615457068818541, 615457068820300, 615457068977298, 615457073906280, 615457073908151, 615457074032520, 8192
615457074143630, 615457410070195, 615457410085546, 615457410087250, 615457410245248, 615457415171193, 615457415173064, 615457415300858, 8191
615457415408913, 615457751413588, 615457751427680, 615457751428717, 615457751579605, 615457756512438, 615457756514272, 615457756642622, 8192
615457756759176, 615458092723685, 615458092739000, 615458092739982, 615458092897276, 615458097827888, 615458097829406, 615458097948053, 8191
615458098053644, 615458433378457, 615458433394994, 615458433396697, 615458433545048, 615458438472493, 615458438474344, 615458438633954, 8192
615458438754230, 615458775325584, 615458775339436, 615458775340492, 615458775502286, 615458780434287, 615458780436379, 615458780557915, 8191
615458780670099, 615459116674052, 615459116690477, 615459116692329, 615459116844883, 615459121768569, 615459121770013, 615459121891327, 8192
615459121996992, 615459457927946, 615459457943502, 615459457944094, 615459458102407, 615459463026260, 615459463027945, 615459463152906, 8191
615459463266275, 615459798560366, 615459798573088, 615459798573681, 615459798726272, 615459803667124, 615459803668568, 615459803773715, 8192
615459803877807, 615460139905667, 615460139922630, 615460139924259, 615460140085443, 615460145022128, 615460145023591, 615460145159367, 8191
615460145267792, 615460481911905, 615460481927164, 615460481928867, 615460482089477, 615460487015459, 615460487016940, 615460487140791, 8192
615460487251715, 615460823174188, 615460823188188, 615460823189021, 615460823345556, 615460828275372, 615460828276835, 615460828390982, 8191
615460828507925, 615461164525915, 615461164539489, 615461164541118, 615461164693913, 615461169689672, 615461169691375, 615461169803208, 8192
615461169911225, 615461505836105, 615461505853512, 615461505855512, 615461506010640, 615461510955048, 615461510956510, 615461511073861, 8191
615461511181823, 615461847138350, 615461847153702, 615461847154535, 615461847317534, 615461852247627, 615461852249053, 615461852571216, 8192
615461852684511, 615462188446170, 615462188462744, 615462188464892, 615462188619539, 615462193543761, 615462193545261, 615462193657871, 8191
615462193763111, 615462529088423, 615462529103256, 615462529104349, 615462529263069, 615462534187200, 615462534188996, 615462534323124, 8192
615462534432790, 615462871057513, 615462871071661, 615462871072680, 615462871233215, 615462876162771, 615462876164568, 615462876466231, 8191
615462876682580, 615463212424684, 615463212440629, 615463212442869, 615463212603386, 615463217531202, 615463217532664, 615463217678348, 8192
615463217794995, 615463553696690, 615463553711097, 615463553711986, 615463553873892, 615463558799188, 615463558800688, 615463558914595, 8191
615463559020630, 615463894336758, 615463894349906, 615463894350739, 615463894509385, 615463899435053, 615463899436830, 615463899551885, 8192
615463899657198, 615464235651707, 615464235668337, 615464235670244, 615464235824520, 615464240753409, 615464240754872, 615464240879927, 8191
615464240996277, 615464577657908, 615464577675019, 615464577676278, 615464577830943, 615464582760221, 615464582761684, 615464582875572, 8192
615464582987108, 615464918958654, 615464918973191, 615464918974580, 615464919132541, 615464924070300, 615464924071967, 615464924370075, 8191
615464924489981, 615465260310325, 615465260327769, 615465260329195, 615465260487212, 615465265413472, 615465265414953, 615465265531156, 8192
615465265640636, 615465601568330, 615465601585404, 615465601587219, 615465601739366, 615465606664903, 615465606666329, 615465606801420, 8191
615465606942474, 615465942923020, 615465942940890, 615465942942557, 615465943095389, 615465948030574, 615465948032426, 615465948167813, 8192
615465948282275, 615466284196266, 615466284209081, 615466284210173, 615466284369135, 615466289316839, 615466289318339, 615466289427782, 8191
615466289539058, 615466624842093, 615466624856741, 615466624857890, 615466625012517, 615466629935962, 615466629937462, 615466630065313, 8192
615466630179923, 615466966821887, 615466966836739, 615466966838665, 615466966985496, 615466971910460, 615466971912145, 615466972056162, 8191
615466972170142, 615467308175225, 615467308190910, 615467308192354, 615467308342353, 615467313269205, 615467313271020, 615467313410981, 8192
615467313522869, 615467649442730, 615467649459286, 615467649460934, 615467649610321, 615467654542581, 615467654544025, 615467654658709, 8191
615467654767597, 615467990783624, 615467990798587, 615467990800235, 615467990956659, 615467995881771, 615467995883215, 615467996025547, 8192
615467996134694, 615468331389415, 615468331404026, 615468331405989, 615468331559302, 615468336488858, 615468336490321, 615468336613097, 8191
615468336840372, 615468673405875, 615468673421523, 615468673423078, 615468673570317, 615468678495318, 615468678497170, 615468678657798, 8192
615468678769056, 615469014742824, 615469014758509, 615469014760453, 615469014916359, 615469019848693, 615469019850156, 615469019967191, 8191
615469020220059, 615469356039570, 615469356073717, 615469356074514, 615469356235753, 615469361159457, 615469361161309, 615469361286215, 8192
615469361400899, 615469697327668, 615469697342204, 615469697343464, 615469697499888, 615469702434907, 615469702436370, 615469702563850, 8191
615469702682126, 615470038690468, 615470038708024, 615470038710301, 615470038870744, 615470043802948, 615470043804874, 615470043943817, 8192
615470044122796, 615470379244537, 615470379260019, 615470379261407, 615470379417832, 615470384441627, 615470384443164, 615470384560533, 8191
615470384832401, 615470721287590, 615470721301886, 615470721303367, 615470721464736, 615470726390736, 615470726392570, 615470726520198, 8192
615470726629252, 615471062604224, 615471062619428, 615471062621391, 615471062774333, 615471067699741, 615471067701575, 615471068239087, 8191
615471068342197, 615471403896044, 615471403910340, 615471403911896, 615471404079913, 615471409015746, 615471409017246, 615471409159134, 8192
615471409274929, 615471745194642, 615471745209345, 615471745210975, 615471745363418, 615471750290270, 615471750291733, 615471750423898, 8191
615471750540082, 615472086539924, 615472086557220, 615472086559387, 615472086716015, 615472091657830, 615472091659312, 615472091780958, 8192
615472091892420, 615472427817522, 615472427832930, 615472427834967, 615472427992631, 615472432921428, 615472432922910, 615472433046038, 8191
615472433158870, 615472769171545, 61547276918