Inicio, Continuar, Recep_Num_Muestras, Ampliacion_Array, Recepcion, Convolucion, Historial, Devolucion, Num_Muestras
613230166882845, 613230996824819, 613230996836338, 613230996864874, 613230997270611, 613231002742885, 613231002745515, 613231003314731, 8192
613231003883225, 613231814750088, 613231814762810, 613231814763996, 613231814902235, 613231819829867, 613231819831830, 613231819887422, 8191
613231820184438, 613232633922029, 613232633934455, 613232633935529, 613232634122990, 613232639055937, 613232639057715, 613232639123862, 8192
613232639379656, 613233453119210, 613233453130618, 613233453131858, 613233453271616, 613233458198156, 613233458200008, 613233458250137, 8192
613233458519727, 613234272254522, 613234272266244, 613234272267633, 613234272392094, 613234277316801, 613234277318968, 613234277386986, 8191
613234282119935, 613235091572868, 613235091610849, 613235091613053, 613235091888661, 613235106701392, 613235106706299, 613235106842927, 8192
613235107490865, 613235910641977, 613235910682217, 613235910684124, 613235910978566, 613235925793166, 613235925798055, 613235926046645, 8191
613235926681361, 613236729852769, 613236729893768, 613236729895787, 613236730172247, 613236744983014, 613236744988014, 613236745239252, 8192
613236745859005, 613237548986432, 613237549021061, 613237549022913, 613237549308947, 613237564108474, 613237564113288, 613237564238935, 8191
613237564818892, 613238367989707, 613238368012540, 613238368013262, 613238368178668, 613238373105560, 613238373107004, 613238373161985, 8192
613238373371575, 613239187074519, 613239187086018, 613239187087018, 613239187233739, 613239192162890, 613239192164575, 613239192218260, 8191
613239192879475, 613240006307865, 613240006320143, 613240006321513, 613240006492623, 613240011418422, 613240011420237, 613240011473940, 8192
613240011672901, 613240825493768, 613240825505953, 613240825507250, 613240825656748, 613240830582992, 613240830584788, 613240830641510, 8192
613240830858452, 613241644579283, 613241644592339, 613241644593246, 613241644739930, 613241649666655, 613241649668433, 613241649731561, 8191
613241649944207, 613242463787038, 613242464558140, 613242464558844, 613242464711935, 613242469646179, 613242469648271, 613242469939527, 8192
613242470133285, 613243282871164, 613243282883941, 613243282885034, 613243283027069, 613243287952405, 613243287954072, 613243288012868, 8191
613243288901988, 613244102075436, 613244102087473, 613244102088325, 613244102229138, 613244107155252, 613244107157086, 613244107212141, 8192
613244107440657, 613244921180525, 613244921191969, 613244921193043, 613244921342560, 613244926268267, 613244926269933, 613244926323192, 8191
613244926531671, 613245740364390, 613245740372927, 613245740373649, 613245740523018, 613245745447280, 613245745449058, 613245745498613, 8192
613245745703166, 613246559471497, 613246559483052, 613246559484163, 613246559631069, 613246564587164, 613246564588627, 613246564636497, 8191
613246564873754, 613247378660510, 613247378671714, 613247378672566, 613247378817416, 613247383743548, 613247383745345, 613247383794511, 8192
613247383977176, 613248197779524, 613248197792339, 613248197793320, 613248197940782, 613248202867210, 613248202868933, 613248202934413, 8191
613248203140559, 613249016974056, 613249016986778, 613249016988537, 613249017135628, 613249022061464, 613249022063335, 613249022111445, 8192
613249022317128, 613249836084755, 613249836095699, 613249836096458, 613249836248883, 613249841173071, 613249841174793, 613249841227496, 8191
613249841431549, 613250655279805, 613250655291082, 613250655292138, 613250655440433, 613250660369861, 613250660371583, 613250660422139, 8192
613250660869800, 613251474365800, 613251474376448, 613251474377522, 613251474520706, 613251479446116, 613251479448023, 613251479498634, 8191
613251479675521, 613252293571590, 613252293584794, 613252293585905, 613252293733922, 613252298659629, 613252298661462, 613252298720406, 8192
613252298922922, 613253112678419, 613253112692308, 613253112693178, 613253112836880, 613253117780327, 613253117781772, 613253117830604, 8191
613253118029436, 613253931882376, 613253931892135, 613253931892950, 613253932119966, 613253937043654, 613253937045080, 613253937096801, 8192
613253937443816, 613254751177294, 613254751208720, 613254751210572, 613254751496328, 613254768083484, 613254768089669, 613254768245112, 8191
613254771387338, 613255570346474, 613255570382510, 613255570384455, 613255570685452, 613255585488275, 613255585492515, 613255585611699, 8192
613255586076843, 613256389460950, 613256389490283, 613256389492357, 613256389768095, 613256404586566, 613256404590955, 613256404716805, 8191
613256405182948, 613257208690684, 613257208731961, 613257208734128, 613257209022569, 613257223857225, 613257223861596, 613257223978317, 8192
613257224419386, 613258027594366, 613258027605440, 613258027606440, 613258027753160, 613258032685793, 613258032687311, 613258032745459, 8191
613258032947549, 613258846783637, 613258846793063, 613258846793785, 613258846950043, 613258851874657, 613258851876490, 613258851929638, 8192
613258852896831, 613259665886243, 613259665897428, 613259665898298, 613259666051334, 613259670975096, 613259670977151, 613259671030058, 8191
613259671213575, 613260485071996, 613260485084162, 613260485085440, 613260485237216, 613260490171793, 613260490173256, 613260490221218, 8192
613260490426679, 613261304179638, 613261304193619, 613261304194841, 613261304347988, 613261309274935, 613261309276639, 613261309331342, 8191
613261311003509, 613262123389409, 613262123400279, 613262123401316, 613262123548648, 613262128480039, 613262128481780, 613262128539631, 8192
613262128872294, 613262942482995, 613262942493440, 613262942494755, 613262942643068, 613262947568997, 613262947570774, 613262947624126, 8191
613262947801216, 613263761672785, 613263761683674, 613263761684396, 613263761830598, 613263766755638, 613263766757305, 613263766810174, 8192
613263767017542, 613264580776297, 613264580788019, 613264580788908, 613264580936573, 613264585861873, 613264585863539, 613264585914687, 8191
613264586119148, 613265399952661, 613265399965401, 613265399966346, 613265400126788, 613265405049291, 613265405050847, 613265405104957, 8192
613265405322529, 613266219073599, 613266219084876, 613266219085969, 613266219231653, 613266224160711, 613266224162266, 613266224213747, 8191
613266224881444, 613267038276684, 613267038287850, 613267038288888, 613267038432497, 613267043358241, 613267043360092, 613267043411351, 8192
613267043590294, 613267857479954, 613267857488491, 613267857489380, 613267857640545, 613267862573400, 613267862575289, 613267863107875, 8192
613267863321744, 613268676580151, 613268676595448, 613268676596299, 613268676735705, 613268681660819, 613268681662616, 613268681719948, 8191
613268681925483, 613269495805495, 613269495817773, 613269495818699, 613269495973660, 613269500915700, 613269500917219, 613269500967755, 8192
613269501202438, 613270315598759, 613270315609907, 613270315611111, 613270315761313, 613270320692501, 613270320694353, 613270320746500, 8191
613270320925498, 613271134066111, 613271134079815, 613271134080722, 613271134218035, 613271139153334, 613271139154742, 613271139200371, 8192
613271139379665, 613271953192030, 613271953204030, 613271953205493, 613271953357936, 613271958285827, 613271958287772, 613271958344141, 8191
613271958551602, 613272773089237, 613272773098737, 613272773099459, 613272773245254, 613272778174368, 613272778175960, 613272778224386, 8192
613272778400254, 613273592197230, 613273592208748, 613273592209674, 613273592360580, 613273597285120, 613273597287009, 613273597337860, 8191
613273597518414, 613274410673081, 613274410686896, 613274410688007, 613274410832172, 613274415758731, 613274415760601, 613274415814637, 8192
613274415991210, 613275229770759, 613275229782370, 613275229783444, 613275229929165, 613275234857631, 613275234859427, 613275234912982, 8191
613275235116147, 613276049688095, 613276049700928, 613276049701873, 613276049845834, 613276054771041, 613276054772800, 613276054823670, 8192
613276055004168, 613276868798421, 613276868809625, 613276868810477, 613276868960679, 613276873886089, 613276873887904, 613276873941829, 8191
613276874118123, 613277687296235, 613277687308994, 613277687310198, 613277687450270, 613277692381107, 613277692382995, 613277692438217, 8192
613277692743232, 613278507099794, 613278507111720, 613278507112850, 613278507265700, 613278512212406, 613278512213869, 613278512259850, 8191
613278512443441, 613279325605886, 613279325616330, 613279325617200, 613279325768051, 613279330694220, 613279330696035, 613279331057735, 8192
613279331260214, 613280145406630, 613280145420778, 613280145421870, 613280145571072, 613280150505223, 613280150506668, 613280150550241, 8191
613280150732980, 613280963876518, 613280963887703, 613280963888925, 613280964054849, 613280968974982, 613280968976907, 613280969029277, 8192
613280969245682, 613281783699465, 613281783711169, 613281783712280, 613281783859037, 613281788787281, 613281788789170, 613281788843984, 8191
613281789025778, 613282602882660, 613282602900808, 613282602901549, 613282603030158, 613282607970976, 613282607972383, 613282608026364, 8192
613282608226084, 613283421295567, 613283421308493, 613283421309419, 613283421452954, 613283426376401, 613283426378216, 613283426427105, 8191
613283426626139, 613284240478984, 613284240492169, 613284240492984, 613284240636556, 613284245568059, 613284245569485, 613284245621614, 8192
613284245850167, 613285060334245, 613285060347486, 613285060348245, 613285060489818, 613285065412358, 613285065414191, 613285065753762, 8191
613285065946445, 613285879484459, 613285879495755, 613285879496848, 613285879646809, 613285884594867, 613285884596312, 613285884645996, 8192
613285884836235, 613286698581673, 613286698594228, 613286698595191, 613286698740542, 613286703667600, 613286703669174, 613286703751877, 8191
613286704061596, 613287517107800, 613287517119874, 613287517121041, 613287517265965, 613287522193116, 613287522194931, 613287522244523, 8192
613287522443206, 613288336911321, 613288336922321, 613288336923562, 613288337073616, 613288342000304, 613288342002119, 613288342053822, 8191
613288342238598, 613289156104756, 613289156116275, 613289156117015, 613289156265921, 613289161196368, 613289161198165, 613289161249331, 8192
613289161421644, 613289975187878, 613289975200137, 613289975201470, 613289975353579, 613289980285841, 613289980287286, 613289980339878, 8191
613289980527061, 613290793703005, 613290793711931, 613290793713060, 613290793861633, 613290798786932, 613290798788784, 613290798908505, 8192
613290799104299, 613291613826004, 613291613837781, 613291613838874, 613291613986057, 613291618918060, 613291618919486, 613291618970208, 8191
613291619148076, 613292432738497, 613292432749830, 613292432751145, 613292432905402, 613292437833479, 613292437835553, 613292437885127, 8192
613292438172827, 613293251108940, 613293251120773, 613293251121810, 613293251268160, 613293256196811, 613293256198497, 613293256251959, 8191
613293256832619, 613294070324726, 613294070337578, 613294070338763, 613294070486743, 613294075414060, 613294075415764, 613294075467930, 8192
613294075656391, 613294889373569, 613294889386662, 613294889388495, 613294889540030, 613294894466496, 613294894468311, 613294894526236, 8191
613294894736716, 613295710223727, 613295710247263, 613295710248023, 613295710401558, 613295715336394, 613295715338264, 613295715396338, 8192
613295715604669, 613296527702679, 613296527713253, 613296527714216, 613296527867937, 613296532803550, 613296532805013, 613296532855254, 8191
613296533089881, 613297346895076, 613297346907335, 613297346908576, 613297347065111, 613297351992744, 613297351994410, 613297352067428, 8192
613297352924938, 613298166711929, 613298166725337, 613298166726503, 613298166889946, 613298171817041, 613298171818597, 613298171868522, 8191
613298172145593, 613298985908011, 613298985917604, 613298985918567, 613298986079510, 613298991004050, 613298991005716, 613298991064012, 8192
613298991249584, 613299805008817, 613299805024002, 613299805024650, 613299805257981, 613299810182872, 613299810184632, 613299810237298, 8191
613299810423148, 613300623468647, 613300623482554, 613300623483610, 613300623628516, 613300628583574, 613300628585055, 613300628635259, 8192
613300628886885, 613301443311444, 61330144332