Inicio, Continuar, Recep_Num_Muestras, Ampliacion_Array, Recepcion, Convolucion, Historial, Devolucion, Num_Muestras
613230163729009, 613230996814727, 613230996820134, 613230996838375, 613230997272777, 613231003064919, 613231003066956, 613231003504285, 8192
613231003878151, 613231814743774, 613231814758551, 613231814760421, 613231814904883, 613231819830182, 613231819831830, 613231819983625, 8191
613231820180863, 613232633914659, 613232633931029, 613232633932566, 613232634132268, 613232639079733, 613232639081159, 613232639197380, 8192
613232639378100, 613233453112062, 613233453127507, 613233453129229, 613233453273098, 613233458198749, 613233458200230, 613233458331247, 8192
613233458516801, 613234272246559, 613234272263318, 613234272264800, 613234272394372, 613234277321764, 613234277323320, 613234277516892, 8191
613234282116620, 613235091555683, 613235091599146, 613235091601516, 613235091893587, 613235106730373, 613235106734910, 613235107050684, 8192
613235107485383, 613235910623162, 613235910673199, 613235910675458, 613235910984399, 613235925937776, 613235925942572, 613235926245458, 8191
613235926671268, 613236729838935, 613236729883509, 613236729885824, 613236730177728, 613236745134513, 613236745139068, 613236745417972, 8192
613236745851097, 613237548968876, 613237549009913, 613237549012524, 613237549317150, 613237564122085, 613237564126473, 613237564431211, 8191
613237564813725, 613238367981059, 613238367996874, 613238367998781, 613238368182279, 613238373104541, 613238373106375, 613238373249354, 8192
613238373369575, 613239187066648, 613239187081611, 613239187083518, 613239187236239, 613239192163223, 613239192164705, 613239192300185, 8191
613239192877049, 613240006300458, 613240006317014, 613240006319273, 613240006495086, 613240011420126, 613240011421589, 613240011549643, 8192
613240011670234, 613240825485509, 613240825501657, 613240825503157, 613240825659267, 613240830584195, 613240830585603, 613240830735879, 8192
613240830855100, 613241644572246, 613241644587635, 613241644589042, 613241644742207, 613241649680914, 613241649682377, 613241649819986, 8191
613241649941819, 613242463780223, 613242464554603, 613242464555585, 613242464713472, 613242469894232, 613242469895750, 613242470018230, 8192
613242470131747, 613243282864052, 613243282879682, 613243282881830, 613243283029477, 613243287952646, 613243287954109, 613243288105941, 8191
613243288900377, 613244102068733, 613244102084288, 613244102086158, 613244102230990, 613244107156641, 613244107158086, 613244107310232, 8192
613244107438990, 613244921172506, 613244921188636, 613244921190691, 613244921344690, 613244926268600, 613244926270026, 613244926413784, 8191
613244926530060, 613245740356446, 613245740370279, 613245740371223, 613245740525036, 613245745448465, 613245745449910, 613245745582001, 8192
613245745700814, 613246559464053, 613246559479330, 613246559480997, 613246559634477, 613246564562128, 613246564563905, 613246564718441, 8191
613246564871458, 613247378653140, 613247378668547, 613247378670084, 613247378819416, 613247383744197, 613247383745659, 613247383863954, 8192
613247383974342, 613248197773469, 613248197788598, 613248197790394, 613248197942856, 613248202883507, 613248202885007, 613248203022431, 8191
613248203138078, 613249016968426, 613249016982981, 613249016984889, 613249017137628, 613249022062427, 613249022063890, 613249022203000, 8192
613249022315721, 613249836077014, 613249836091810, 613249836092773, 613249836251346, 613249841173126, 613249841174793, 613249841308440, 8191
613249841429642, 613250655272231, 613250655287119, 613250655288156, 613250655442673, 613250660370176, 613250660371621, 613250660505212, 8192
613250660868078, 613251474357967, 613251474373319, 613251474375300, 613251474522928, 613251479447301, 613251479448764, 613251479568115, 8191
613251479672817, 613252293564479, 613252293579683, 613252293581720, 613252293736774, 613252298670369, 613252298671851, 613252298806460, 8192
613252298920348, 613253112672863, 613253112687882, 613253112689048, 613253112839862, 613253117763716, 613253117765550, 613253117914622, 8191
613253118027547, 613253931874765, 613253931889579, 613253931890598, 613253932122447, 613253937042450, 613253937044265, 613253937184282, 8192
613253937628925, 613254751156980, 613254751201535, 613254751203831, 613254751501550, 613254766324299, 613254766328966, 613254768479980, 8191
613254771374949, 613255570328178, 613255570373825, 613255570376103, 613255570692859, 613255585485960, 613255585490682, 613255585804327, 8192
613255586067083, 613256389440969, 613256389479987, 613256389482135, 613256389771187, 613256404575862, 613256404580788, 613256404919266, 8191
613256405174115, 613257208677666, 613257208721647, 613257208723943, 613257209029773, 613257223856318, 613257223861096, 613257224168759, 8192
613257224409645, 613258027585440, 613258027600995, 613258027602755, 613258027756290, 613258032685108, 613258032687015, 613258032832680, 8191
613258032946086, 613258846776582, 613258846790693, 613258846791748, 613258846953191, 613258851876786, 613258851878046, 613258851998822, 8192
613258852891979, 613259665878650, 613259665893150, 613259665894169, 613259666054482, 613259670977114, 613259670978540, 613259671100594, 8191
613259671212056, 613260485066236, 613260485081718, 613260485083736, 613260485239827, 613260490165793, 613260490167608, 613260490307828, 8192
613260490424716, 613261304171897, 613261304190397, 613261304192119, 613261304350006, 613261309275972, 613261309277398, 613261309431100, 8191
613261311003824, 613262123381353, 613262123396483, 613262123397649, 613262123551351, 613262128480891, 613262128482336, 613262128625630, 8192
613262128870554, 613262942476181, 613262942490514, 613262942491551, 613262942646086, 613262947570478, 613262947571922, 613262947691755, 8191
613262947799457, 613263761666989, 613263761681063, 613263761681988, 613263761833950, 613263766757656, 613263766759082, 613263766897636, 8192
613263767015283, 613264580770205, 613264580785408, 613264580787019, 613264580939203, 613264585863410, 613264585864835, 613264586005667, 8191
613264586116870, 613265399947827, 613265399961512, 613265399962661, 613265400129418, 613265405049588, 613265405051051, 613265405204438, 8192
613265405319326, 613266219067395, 613266219081654, 613266219083654, 613266219234764, 613266224161952, 613266224163415, 613266224299061, 8191
613266224878981, 613267038270591, 613267038284813, 613267038285628, 613267038435812, 613267043359352, 613267043360778, 613267043479776, 8192
613267043588590, 613267857471251, 613267857485473, 613267857486417, 613267857642804, 613267863057283, 613267863058839, 613267863203115, 8192
613267863319170, 613268676572559, 613268676587818, 613268676589614, 613268676738150, 613268681669097, 613268681670541, 613268681808818, 8191
613268681922317, 613269495798866, 613269495814125, 613269495816440, 613269495976142, 613269500905330, 613269500907182, 613269501060124, 8192
613269501199438, 613270315592463, 613270315607481, 613270315609352, 613270315764980, 613270320693001, 613270320694464, 613270320816981, 8191
613270320923165, 613271134060222, 613271134075722, 613271134077352, 613271134221313, 613271139146890, 613271139148686, 613271139274148, 8192
613271139377758, 613271953183289, 613271953198937, 613271953201085, 613271953361139, 613271958286512, 613271958287957, 613271958429344, 8191
613271958550213, 613272773081941, 613272773096144, 613272773097181, 613272773249161, 613272778176238, 613272778177682, 613272778288163, 8192
613272778397698, 613273592191211, 613273592206211, 613273592208452, 613273592363061, 613273597286453, 613273597287898, 613273597407285, 8191
613273597516617, 613274410668729, 613274410683637, 613274410685600, 613274410835561, 613274415761027, 613274415762490, 613274415884451, 8192
613274415990228, 613275229764019, 613275229778778, 613275229780944, 613275229931480, 613275234866001, 613275234867501, 613275234999166, 8191
613275235112850, 613276049682466, 613276049697669, 613276049698743, 613276049848649, 613276054773393, 613276054774893, 613276054893151, 8192
613276055002316, 613276868792477, 613276868806088, 613276868807088, 613276868963586, 613276873894274, 613276873895718, 613276874007291, 8191
613276874115661, 613277687290013, 613277687305642, 613277687307476, 613277687453196, 613277692381699, 613277692383125, 613277692519568, 8192
613277692743325, 613278507091702, 613278507107368, 613278507108405, 613278507267292, 613278512198647, 613278512200462, 613278512333386, 8191
613278512439922, 613279325598941, 613279325613978, 613279325615645, 613279325770476, 613279331005161, 613279331006680, 613279331144789, 8192
613279331258529, 613280145401926, 613280145417056, 613280145418944, 613280145573924, 613280150497872, 613280150499723, 613280150625537, 8191
613280150731110, 613280963870221, 613280963884443, 613280963885499, 613280964057590, 613280968975722, 613280968977185, 613280969118832, 8192
613280969242275, 613281783692373, 613281783707465, 613281783709335, 613281783861315, 613281788788837, 613281788790299, 613281788916039, 8191
613281789024408, 613282602870160, 613282602885716, 613282602887864, 613282603032640, 613282607957272, 613282607959069, 613282608107178, 8192
613282608223140, 613283421289845, 613283421304289, 613283421305641, 613283421455287, 613283426377735, 613283426379198, 613283426509048, 8191
613283426624158, 613284240473947, 613284240488910, 613284240490910, 613284240639890, 613284245564781, 613284245566633, 613284245707835, 8192
613284245847186, 613285060326190, 613285060342653, 613285060344227, 613285060492040, 613285065707114, 613285065708706, 613285065829835, 8191
613285065945000, 613285879477107, 613285879492533, 613285879493459, 613285879649624, 613285884579738, 613285884581590, 613285884720310, 8192
613285884833902, 613286698575840, 613286698590988, 613286698592469, 613286698743653, 613286703667544, 613286703669211, 613286703892116, 8191
613286704057448, 613287517101874, 613287517116671, 613287517118652, 613287517269891, 613287522196190, 613287522197672, 613287522323189, 8192
613287522440040, 613288336903414, 613288336918636, 613288336920525, 613288337076116, 613288342004193, 613288342005674, 613288342125377, 8191
613288342236950, 613289156099256, 613289156113812, 613289156115015, 613289156269347, 613289161197535, 613289161198998, 613289161313534, 8192
613289161420218, 613289975181081, 613289975196359, 613289975197914, 613289975356209, 613289980285175, 613289980286990, 613289980409322, 8191
613289980524894, 613290793693338, 613290793707338, 613290793708412, 613290793864318, 613290798858950, 613290798860487, 613290798989189, 8192
613290799102299, 613291613818189, 613291613834670, 613291613836207, 613291613987965, 613291618917393, 613291618919079, 613291619038188, 8191
613291619145613, 613292432730719, 613292432745885, 613292432747163, 613292432907717, 613292437833553, 613292437835572, 613292437953182, 8192
613292438170624, 613293251100496, 613293251115366, 613293251116903, 613293251270605, 613293256197237, 613293256198719, 613293256326477, 8191
613293256829082, 613294070319078, 613294070334096, 613294070335207, 613294070490076, 613294075415690, 613294075417264, 613294075543503, 8192
613294075654262, 613294889367847, 613294889382717, 613294889383680, 613294889543216, 613294894476181, 613294894477626, 613294894613235, 8191
613294894735401, 613295710216393, 613295710244597, 613295710245578, 613295710404114, 613295715345357, 613295715346838, 613295715484689, 8192
613295715603391, 613296527695716, 613296527710957, 613296527712642, 613296527870881, 613296532796847, 613296532798625, 613296532941456, 8191
613296533087936, 613297346887669, 613297346904669, 613297346906576, 613297347067611, 613297351992873, 613297351994429, 613297352156853, 8192
613297352923549, 613298166706004, 613298166722133, 613298166723855, 613298166893705, 613298171818486, 613298171820041, 613298171938151, 8191
613298172143112, 613298985900789, 613298985914548, 613298985915530, 613298986081491, 613298991015198, 613298991016660, 613298991133511, 8192
613298991247454, 613299804999983, 613299805020817, 613299805021928, 613299805260518, 613299810185169, 613299810186595, 613299810304593, 8191
613299810421296, 613300623463981, 613300623478999, 613300623480647, 613300623630405, 613300628560408, 613300628562204, 613300628720406, 8192
613300628885571, 613301443304630, 61330144332