Inicio, Continuar, Recep_Num_Muestras, Ampliacion_Array, Recepcion, Convolucion, Historial, Devolucion, Num_Muestras
609929702957666, 609930121561793, 609930121575886, 609930121596941, 609930121657199, 609930138579120, 609930138582268, 609930138798173, 8192
609930139105244, 609930530734212, 609930530751767, 609930530752878, 609930530842544, 609930540574675, 609930540576545, 609930540666693, 8191
609930540852524, 609930940249441, 609930940266052, 609930940266978, 609930940381773, 609930950093849, 609930950095664, 609930950184459, 8192
609930950377679, 609931350491848, 609931350509810, 609931350510644, 609931350613068, 609931360324589, 609931360326385, 609931360389199, 8191
609931360572716, 609931760149075, 609931760163612, 609931760164594, 609931760267019, 609931769975687, 609931769977484, 609931770045909, 8192
609931770219407, 609932168941795, 609932168957480, 609932168958498, 609932169053553, 609932178764851, 609932178766703, 609932178850313, 8191
609932179029755, 609932579219090, 609932579239349, 609932579240311, 609932579342940, 609932589063164, 609932589064960, 609932589130071, 8192
609932589308754, 609932988817429, 609932988835410, 609932988836355, 609932988937280, 609932998651615, 609932998653430, 609932998722373, 8191
609932998888205, 609933398351862, 609933398369417, 609933398370251, 609933398469694, 609933408184529, 609933408186325, 609933408256565, 8192
609933408403767, 609933807259432, 609933807277413, 609933807278228, 609933807376115, 609933817095284, 609933817097099, 609933817178968, 8191
609933817288022, 609934217526115, 609934217541912, 609934217542930, 609934217644688, 609934227354412, 609934227356246, 609934227424689, 8192
609934227528447, 609934627086770, 609934627102696, 609934627103622, 609934627200139, 609934636922104, 609934636924048, 609934636990807, 8191
609934637089398, 609935036688424, 609935036706128, 609935036706961, 609935036805534, 609935047114992, 609935047117029, 609935047230880, 8192
609935047332064, 609935445536643, 609935445553957, 609935445554772, 609935445651179, 609935455388828, 609935455390810, 609935455471605, 8191
609935455587234, 609935855821067, 609935855840882, 609935855841882, 609935855945918, 609935865658308, 609935865660105, 609935865730808, 8192
609935865828547, 609936264666674, 609936264683378, 609936264684359, 609936264781895, 609936274491786, 609936274493471, 609936274572174, 8191
609936274679710, 609936674314495, 609936674333754, 609936674334569, 609936674434123, 609936684150329, 609936684152125, 609936684219772, 8192
609936684329475, 609937083824002, 609937083840520, 609937083841539, 609937083943926, 609937093663336, 609937093665113, 609937093748242, 8191
609937093859037, 609937494129222, 609937494148555, 609937494149648, 609937494250202, 609937503972760, 609937503974574, 609937504054666, 8192
609937504264645, 609937903655785, 609937903673562, 609937903674358, 609937903773746, 609937913490359, 609937913492118, 609937913558247, 8191
609937913663654, 609938313301198, 609938313320253, 609938313321234, 609938313424270, 609938323134791, 609938323136494, 609938323208160, 8192
609938323306307, 609938722155916, 609938722175082, 609938722176082, 609938722282136, 609938731994249, 609938731996027, 609938732079137, 8191
609938732183766, 609939132457414, 609939132473673, 609939132474488, 609939132578764, 609939142289229, 609939142291099, 609939142362321, 8192
609939142465542, 609939541983291, 609939541999865, 609939542000698, 609939542095216, 609939551891365, 609939551893346, 609939551963327, 8191
609939552076122, 609939951605723, 609939951622259, 609939951623241, 609939951724647, 609939961453149, 609939961454871, 609939961528630, 8192
609939961633480, 609940360419534, 609940360436478, 609940360437311, 609940360539403, 609940370244516, 609940370246331, 609940370323570, 8191
609940370427643, 609940770876752, 609940770890308, 609940770891363, 609940770989158, 609940781241636, 609940781243913, 609940781318709, 8192
609940781426671, 609941180346130, 609941180359389, 609941180360426, 609941180458240, 609941190166946, 609941190168945, 609941190238797, 8191
609941190337277, 609941589879674, 609941589898729, 609941589899525, 609941590001265, 609941599709174, 609941599710859, 609941599773470, 8192
609941599984875, 609941998768576, 609941998785873, 609941998786873, 609941998876464, 609942009730083, 609942009731990, 609942009839693, 8191
609942009952451, 609942409007612, 609942409024242, 609942409025075, 609942409129111, 609942418841946, 609942418843742, 609942418906760, 8192
609942419000129, 609942817898904, 609942817920052, 609942817920867, 609942818017402, 609942827732664, 609942827734460, 609942827801441, 8191
609942827908939, 609943228182458, 609943228200957, 609943228202013, 609943228301345, 609943238011199, 609943238013051, 609943238081513, 8192
609943238175197, 609943637030657, 609943637046453, 609943637047435, 609943637147730, 609943646855639, 609943646857417, 609943646938212, 8191
609943647044248, 609944047364766, 609944047382006, 609944047383025, 609944047485338, 609944057203118, 609944057204933, 609944057283895, 8192
609944057384023, 609944456900309, 609944456915587, 609944456916624, 609944457017512, 609944466734236, 609944466736088, 609944466810476, 8191
609944466914900, 609944866451278, 609944866468056, 609944866468982, 609944866567962, 609944876286316, 609944876288131, 609944876359241, 8192
609944876457110, 609945275327755, 609945275341440, 609945275342255, 609945275439421, 609945285159849, 609945285161645, 609945285244570, 8191
609945285460345, 609945685661994, 609945685679530, 609945685680549, 609945685782011, 609945695520531, 609945695522698, 609945695595512, 8192
609945695696233, 609946095195741, 609946095211241, 609946095212185, 609946095308721, 609946105023353, 609946105025260, 609946105108148, 8191
609946105208684, 609946504079643, 609946504098514, 609946504099217, 609946504197938, 609946513975310, 609946513977366, 609946514064902, 8192
609946514174123, 609946913629594, 609946913645687, 609946913646483, 609946913747241, 609946923549353, 609946923551501, 609946923643315, 8191
609946923749499, 609947323950036, 609947323969499, 609947323970462, 609947324086146, 609947333795240, 609947333797055, 609947333867128, 8192
609947333970090, 609947732809828, 609947732827346, 609947732828161, 609947732926827, 609947742653717, 609947742655606, 609947742728309, 8191
609947742826975, 609948143084196, 609948143099659, 609948143100733, 609948143199714, 609948152923012, 609948152924882, 609948152993752, 8192
609948153095547, 609948551927896, 609948551942822, 609948551943822, 609948552052524, 609948561756970, 609948561758767, 609948561834173, 8191
609948561943265, 609948962266504, 609948962279393, 609948962280374, 609948962383225, 609948972098560, 609948972100283, 609948972170208, 8192
609948972270873, 609949371776455, 609949371794881, 609949371795751, 609949371891084, 609949381607900, 609949381610067, 609949381670288, 8191
609949381771287, 609949781353554, 609949781369165, 609949781370035, 609949781464627, 609949791203091, 609949791205110, 609949791268868, 8192
609949791361700, 609950190270697, 609950190283974, 609950190284770, 609950190385158, 609950200099790, 609950200101623, 609950200180289, 8191
609950200279769, 609950600551269, 609950600568268, 609950600569065, 609950600673749, 609950610385473, 609950610387269, 609950610461694, 8192
609950610564341, 609951010096682, 609951010114793, 609951010115886, 609951010214033, 609951019929979, 609951019931831, 609951019997034, 8191
609951020103496, 609951419674984, 609951419692095, 609951419693114, 609951419791335, 609951429513133, 609951429514929, 609951429581039, 8192
609951429680094, 609951828524091, 609951828542183, 609951828543165, 609951828642515, 609951838351758, 609951838353480, 609951838432868, 8191
609951838537071, 609952238832273, 609952238846940, 609952238847977, 609952238953698, 609952248667681, 609952248669515, 609952248740273, 8192
609952248839439, 609952648378428, 609952648392761, 609952648393557, 609952648488982, 609952658199002, 609952658200799, 609952658268872, 8191
609952658367667, 609953057964581, 609953057981378, 609953057982211, 609953058076617, 609953067786804, 609953067788508, 609953067854933, 8192
609953067946432, 609953466839391, 609953466856187, 609953466857225, 609953466955557, 609953477108776, 609953477110794, 609953477195942, 8191
609953477443235, 609953876458378, 609953876474526, 609953876475341, 609953876579617, 609953886285286, 609953886287156, 609953886364322, 8192
609953886474136, 609954286683895, 609954286699413, 609954286700487, 609954286795338, 609954296508433, 609954296510507, 609954296588747, 8191
609954296695542, 609954696334585, 609954696349511, 609954696350492, 609954696449547, 609954706160678, 609954706162567, 609954706238992, 8192
609954706352195, 609955105150025, 609955105167303, 609955105168303, 609955105272116, 609955114989118, 609955114990914, 609955115066173, 8191
609955115173338, 609955515442004, 609955515460708, 609955515461597, 609955515565151, 609955525278005, 609955525279597, 609955525343337, 8192
609955525440170, 609955925005195, 609955925020028, 609955925021010, 609955925116361, 609955934856084, 609955934858158, 609955934923306, 8191
609955935027712, 609956334573460, 609956334591997, 609956334593015, 609956334697422, 609956344415183, 609956344417035, 609956344486275, 8192
609956344595366, 609956743440992, 609956743455936, 609956743456751, 609956743558120, 609956753270771, 609956753272567, 609956753349455, 8191
609956753476565, 609957153735434, 609957153750823, 609957153751841, 609957153854136, 609957163576305, 609957163578120, 609957163651119, 8192
609957163747210, 609957563254477, 609957563272088, 609957563272940, 609957563370383, 609957573091200, 609957573092996, 609957573155310, 8191
609957573261661, 609957972887742, 609957972901075, 609957972901871, 609957973001259, 609957982717353, 609957982719038, 609957982797408, 8192
609957982895240, 609958381720163, 609958381737774, 609958381738718, 609958381838495, 609958391544812, 609958391546645, 609958391629663, 8191
609958391741735, 609958792105511, 609958792126233, 609958792127270, 609958792236176, 609958801946289, 609958801948086, 609958802022696, 8192
609958802123639, 609959201618702, 609959201634869, 609959201635980, 609959201737127, 609959211668349, 609959211670664, 609959211756811, 8191
609959211860791, 609959610484494, 609959610501679, 609959610502623, 609959610601029, 609959620315939, 609959620317754, 609959620389956, 8192
609959620489752, 609960020043388, 609960020811731, 609960020812787, 609960020913638, 609960030665269, 609960030667250, 609960030739638, 8191
609960030843674, 609960430338237, 609960430356589, 609960430357422, 609960430462884, 609960440921878, 609960440924026, 609960440994970, 8192
609960441106653, 609960839876706, 609960839898132, 609960839898910, 609960840011964, 609960849719040, 609960849720855, 609960849788891, 8191
609960849989685, 609961249486045, 609961249501563, 609961249502544, 609961249598006, 609961259315842, 609961259317582, 609961259391637, 8192
609961259491395, 609961658321966, 609961658335892, 609961658336873, 609961658434205, 609961668152392, 609961668154226, 609961668231836, 8191
609961668348131, 609962068693425, 609962068707018, 609962068708092, 609962068828313, 609962078536815, 609962078538611, 609962078619832, 8192
609962078719868, 609962478196117, 609962478209079, 609962478210191, 609962478311523, 609962488026673, 609962488028506, 609962488101190, 8191
609962488209208, 609962887789085, 609962887808936, 609962887810140, 609962887911361, 609962897623400, 609962897625104, 609962897694325, 8192
609962897797676, 609963296652191, 609963296668746, 609963296669765, 609963296767078, 609963306479580, 609963306481284, 609963306566690, 8191
609963306673596, 609963706960817, 609963706977262, 609963706978262, 609963707080872, 609963716804040, 609963716805725, 609963716875836, 8192
609963716975446, 609964116515545, 609964116528841, 609964116529915, 609964116633044, 609964126351009, 609964126352731, 609964126424915, 8191
609964126529433, 609964526079347, 609964526099661, 609964526100458, 609964526200401, 609964535925847, 609964535927569, 609964535994735, 8192
609964536101419, 609964934964527, 609964934979397, 609964934980378, 609964935077414, 609964944855564, 609964944857582, 609964944938896, 8191
609964945038469, 609965345242061, 60996534525