Inicio, Continuar, Recep_Num_Muestras, Ampliacion_Array, Recepcion, Convolucion, Historial, Devolucion, Num_Muestras
611487900512882, 611488264579382, 611488264591382, 611488264624826, 611488264844194, 611488268495934, 611488268497953, 611488273954544, 8192
611488274449798, 611488605812788, 611488605820288, 611488605821121, 611488605888398, 611488613242821, 611488613244877, 611488613311043, 8191
611488613676428, 611488952070918, 611488952082937, 611488952083844, 611488952222750, 611488955512586, 611488955514290, 611488955725047, 8192
611488961009566, 611489292039818, 611489292047355, 611489292048096, 611489292112058, 611489295405802, 611489295407598, 611489295597374, 8191
611489296304033, 611489632807802, 611489632815006, 611489632815580, 611489632890987, 611489636205619, 611489636207452, 611489636383098, 8192
611489636718187, 611489971216089, 611489971230200, 611489971231126, 611489971381957, 611489974702849, 611489974704293, 611489974882291, 8191
611489975199788, 611490312582863, 611490312600103, 611490312600677, 611490312859841, 611490316164585, 611490316166381, 611490316586766, 8192
611490317002761, 611490655376326, 611490655387733, 611490655388826, 611490655553305, 611490658881789, 611490658883845, 611490659091806, 8191
611490661012637, 611490994394365, 611490994404217, 611490994404772, 611490994561067, 611490997873125, 611490997874940, 611490998057160, 8192
611490998354231, 611491337900821, 611491337920117, 611491337920802, 611491338090356, 611491341409506, 611491341410951, 611491341642059, 8191
611491341911019, 611491678001404, 611491678019997, 611491678020571, 611491678179347, 611491681487090, 611491681488886, 611491681669533, 8192
611491681927715, 611492019087292, 611492019103366, 611492019104366, 611492019244642, 611492022570182, 611492022571978, 611492022731699, 8191
611492022974603, 611492361434352, 611492361452148, 611492361453222, 611492361607128, 611492365006445, 611492365007889, 611492365428774, 8192
611492366184710, 611492700976164, 611492700987645, 611492700988201, 611492701138347, 611492704444350, 611492704446165, 611492704624959, 8191
611492705206027, 611493043000227, 611493043012746, 611493043013357, 611493043175836, 611493046480543, 611493046482246, 611493046659670, 8192
611493046902631, 611493385916633, 611493385955448, 611493385957151, 611493386264667, 611493396177748, 611493396182304, 611493396668743, 8191
611493397173071, 611493725141448, 611493725186429, 611493725188410, 611493725487463, 611493735398193, 611493735402582, 611493736534292, 8192
611493737109897, 611494066444167, 611494066477537, 611494066479296, 611494066802145, 611494076778096, 611494076782892, 611494077254499, 8191
611494077785049, 611494409825660, 611494409869290, 611494409870993, 611494410171472, 611494420082868, 611494420087331, 611494420570141, 8192
611494421088710, 611494751079435, 611494751129972, 611494751131620, 611494751445358, 611494761358680, 611494761363439, 611494761862342, 8191
611494762349744, 611495090374638, 611495090410175, 611495090412008, 611495090788060, 611495100746882, 611495100751845, 611495101351357, 8192
611495101872074, 611495431598358, 611495431631284, 611495431633487, 611495431928836, 611495441848047, 611495441852899, 611495442332191, 8191
611495442838574, 611495772894725, 611495772939058, 611495772940836, 611495773250129, 611495783153266, 611495783157748, 611495783641595, 8192
611495784169163, 611496116375810, 611496116404884, 611496116406625, 611496116735658, 611496126674258, 611496126678610, 611496127220530, 8191
611496127736969, 611496455466978, 611496455481459, 611496455481996, 611496455642032, 611496458966164, 611496458967719, 611496459166921, 8192
611496459394696, 611496796724531, 611496796738308, 611496796738864, 611496796899566, 611496800264290, 611496800265846, 611496800400955, 8191
611496802447230, 611497138785297, 611497138802575, 611497138803890, 611497138970240, 611497142293890, 611497142295446, 611497142461777, 8192
611497142702201, 611497480049905, 611497480077238, 611497480077794, 611497480255088, 611497483547591, 611497483549128, 611497483730052, 8191
611497483957735, 611497820657983, 611497820671650, 611497820672224, 611497820832259, 611497824157484, 611497824158872, 611497824335389, 8192
611497825236009, 611498161933387, 611498161947424, 611498161948017, 611498162106497, 611498165424388, 611498165426110, 611498165659811, 8191
611498165925994, 611498504007209, 611498504027801, 611498504028505, 611498504203577, 611498507497654, 611498507499228, 611498507683356, 8192
611498507937668, 611498848291915, 611498848308452, 611498848309582, 611498848490154, 611498851801249, 611498851802656, 611498851973729, 8191
611498869057847, 611499188219981, 611499188259000, 611499188260759, 611499188588015, 611499198522244, 611499198526578, 611499198975906, 8192
611499199469790, 611499527426648, 611499527465610, 611499527467240, 611499527765755, 611499537681541, 611499537685226, 611499538421959, 8191
611499538930435, 611499870819715, 611499870861178, 611499870862807, 611499871186174, 611499881101737, 611499881106849, 611499881588251, 8192
611499882089227, 611500210032604, 611500210065270, 611500210067048, 611500210384267, 611500220312571, 611500220317682, 611500220899287, 8191
611500221410744, 611500551259119, 611500551302915, 611500551304767, 611500551603005, 611500561541808, 611500561546068, 611500561991656, 8192
611500562483650, 611500892634448, 611500892665763, 611500892667633, 611500892983111, 611500902885304, 611500902890156, 611500903377503, 8191
611500905684312, 611501233926796, 611501233965537, 611501233967222, 611501234280052, 611501244244374, 611501244248578, 611501244692018, 8192
611501245197753, 611501577328234, 611501577367271, 611501577369419, 611501577681193, 611501587582923, 611501587587442, 611501588093825, 8191
611501589222647, 611501916611899, 611501916649380, 611501916651177, 611501916959803, 611501926861367, 611501926866274, 611501927361195, 8192
611501927872874, 611502257716583, 611502257733009, 611502257733564, 611502257890229, 611502261198398, 611502261199954, 611502261381082, 8191
611502261624598, 611502599706720, 611502599720683, 611502599721294, 611502599881237, 611502603182554, 611502603184110, 611502603381811, 8192
611502603609327, 611502941067197, 611502941080956, 611502941081512, 611502941247510, 611502944557476, 611502944559309, 611502944741825, 8191
611502944974453, 611503281651145, 611503281664571, 611503281665552, 611503281823977, 611503285145535, 611503285147238, 611503285312329, 8192
611503285564327, 611503622970252, 611503622987104, 611503622987937, 611503623144417, 611503626464179, 611503626465790, 611503626632714, 8191
611503626878082, 611503964991982, 611503965005963, 611503965006519, 611503965175517, 611503968484908, 611503968486834, 611503968661499, 8192
611503968884978, 611504305638225, 611504305654373, 611504305654929, 611504305830853, 611504309140448, 611504309142207, 611504309326317, 8191
611504309575999, 611504647582993, 611504647595104, 611504647595659, 611504647768694, 611504651089104, 611504651090549, 611504651255565, 8192
611504651475859, 611504990550693, 611504990585749, 611504990587656, 611504990902486, 611505000861179, 611505000866030, 611505001347840, 8191
611505001870761, 611505329744749, 611505329783693, 611505329785359, 611505330079838, 611505340040493, 611505340044808, 611505340494451, 8192
611505340998594, 611505671021504, 611505671065578, 611505671067318, 611505671380019, 611505681317526, 611505681322008, 611505681802651, 8191
611505682310646, 611506014367331, 611506014404052, 611506014405793, 611506014723123, 611506024636890, 611506024641872, 611506025136792, 8192
611506025646713, 611506353652681, 611506353686033, 611506353687736, 611506353985326, 611506363887574, 611506363892148, 611506364622233, 8191
611506365132172, 611506697123154, 611506697162710, 611506697164339, 611506697487595, 611506707418899, 611506707423325, 611506707881394, 8192
611506708656034, 611507036337950, 611507036367764, 611507036369616, 611507036691150, 611507046605009, 611507046609602, 611507047132022, 8191
611507047640017, 611507377589520, 611507377627113, 611507377629094, 611507377927109, 611507387830858, 611507387835802, 611507388331094, 8192
611507388844347, 611507718847276, 611507718885590, 611507718887331, 611507719213161, 611507729128058, 611507729132743, 611507729627293, 8191
611507730305545, 611508062289972, 611508062329805, 611508062331675, 611508062659209, 611508072618290, 611508072623197, 611508073081915, 8192
611508073594780, 611508401334287, 611508401346158, 611508401346713, 611508401504415, 611508404825899, 611508404827325, 611508404988268, 8191
611508405237006, 611508742620617, 611508742634394, 611508742634950, 611508742795726, 611508746111080, 611508746112840, 611508746517687, 8192
611508746752314, 611509083940649, 611509083952946, 611509083953483, 611509084152610, 611509087440724, 611509087442187, 611509087610500, 8191
611509087840664, 611509425249201, 611509425264997, 611509425265571, 611509425422662, 611509428728109, 611509428729516, 611509429091679, 8192
611509429343417, 611509767297207, 611509767312763, 611509767313300, 611509767476316, 611509770782708, 611509770784338, 611509770965502, 8191
611509771206148, 611510108632721, 611510108644203, 611510108644832, 611510108809423, 611510112115185, 611510112117203, 611510112292942, 8192
611510112531829, 611510449196336, 611510449210650, 611510449211613, 611510449409389, 611510452709669, 611510452711095, 611510452887168, 8191
611510453174368, 611510791212565, 611510791226231, 611510791226768, 611510791386896, 611510794691899, 611510794693417, 611510794873749, 8192
611510795106857, 611511132092176, 611511134216117, 611511134218357, 611511134539484, 611511144496102, 611511144500454, 611511145082929, 8191
611511145603294, 611511473329746, 611511473374375, 611511473376301, 611511473671280, 611511483571714, 611511483576121, 611511484080634, 8192
611511484578666, 611511814648575, 611511814693630, 611511814695241, 611511815007016, 611511824918264, 611511824922709, 611511825409870, 8191
611511825920495, 611512155947348, 611512155983552, 611512155985256, 611512156338456, 611512166268333, 611512166273241, 611512166754199, 8192
611512167260527, 611512499297230, 611512499334693, 611512499336415, 611512499637301, 611512509553197, 611512509557771, 611512510036896, 8191
611512510547928, 611512838613209, 611512838658098, 611512838660190, 611512838975669, 611512848887306, 611512848891695, 611512849407912, 8192
611512849916647, 611513179852317, 611513179883465, 611513179885150, 611513180235128, 611513190160320, 611513190165265, 611513190618204, 8191
611513191131884, 611513523209050, 611513523248439, 611513523250087, 611513523548158, 611513533462128, 611513533466573, 611513533970030, 8192
611513534473062, 611513862523437, 611513862567121, 611513862568881, 611513862873137, 611513872785830, 611513872790126, 611513873272713, 8191
611513873955188, 611514203812951, 611514203848339, 611514203850358, 611514204189891, 611514214089307, 611514214094177, 611514214625968, 8192
611514215154351, 611514544954318, 611514544968281, 611514544968818, 611514545127798, 611514548434875, 611514548436504, 611514548617243, 8191
611514548926203, 611514886965695, 611514886981584, 611514886982139, 611514887144730, 611514890448585, 611514890450103, 611514890626861, 8192
611514890850877, 611515228284190, 611515228296431, 611515228297579, 611515228461874, 611515231754154, 611515231755691, 611515231933226, 8191
611515232184002, 611515568904063, 611515568915915, 611515568916434, 611515569070710, 611515572376749, 611515572378379, 611515572551507, 8192
611515572869040, 611515910191688, 611515910203966, 611515910204522, 611515910364427, 611515913680097, 611515913682041, 611515913849947, 8191
611515914079852, 611516252236324, 611516252254713, 611516252255750, 611516252449822, 611516255742973, 611516255744528, 611516255933175, 8192
611516257115570, 611516593547690, 611516593563542, 611516593564504, 611516593719707, 611516597034042, 611516597035598, 611516597224614, 8191
611516597447705, 611516934852222, 611516934864259, 611516934864815, 611516935033757, 611516938342186, 611516938343723, 611516938514202, 8192
611516938743478, 611517275637352, 611517275674408, 611517275676222, 611517276032385, 611517285977893, 611517285982467, 611517286408685, 8191
611517286916624, 611517618964419, 61151761900