Inicio, Continuar, Recep_Num_Muestras, Ampliacion_Array, Recepcion, Convolucion, Historial, Devolucion, Num_Muestras
611487896369981, 611488264565679, 611488264571271, 611488264585290, 611488264893694, 611488273633881, 611488273636288, 611488274140153, 8192
611488274367947, 611488605290256, 611488605307589, 611488605309311, 611488605903009, 611488609313955, 611488609315492, 611488613470930, 8191
611488613669391, 611488948308828, 611488948315346, 611488948316365, 611488952244379, 611488955630918, 611488955632344, 611488955865749, 8192
611488960876956, 611489287802399, 611489287819066, 611489287821084, 611489292130910, 611489295524115, 611489295525541, 611489295718798, 8191
611489296273830, 611489632188549, 611489632204068, 611489632206197, 611489632908135, 611489636309618, 611489636311081, 611489636496042, 8192
611489636713058, 611489971204496, 611489971220829, 611489971222348, 611489971393179, 611489974809940, 611489974811366, 611489974988975, 8191
611489975196381, 611490312570956, 611490312589029, 611490312590807, 611490312911508, 611490316446304, 611490316447841, 611490316709579, 8192
611490316999521, 611490655366493, 611490655381307, 611490655382918, 611490655566787, 611490659001584, 611490659003047, 611490659242656, 8191
611490661008619, 611490994384087, 611490994399958, 611490994401680, 611490994575048, 611490997982568, 611490997983994, 611490998159196, 8192
611490998350213, 611491337889006, 611491337908302, 611491337910524, 611491338092504, 611491341554116, 611491341555634, 611491341763558, 8191
611491341908649, 611491677987756, 611491678005163, 611491678007237, 611491678195550, 611491681594681, 611491681596126, 611491681780383, 8192
611491681922289, 611492019075940, 611492019096459, 611492019098125, 611492019256402, 611492022659810, 611492022661292, 611492022836512, 8191
611492022970141, 611492361427649, 611492361448445, 611492361450259, 611492361621276, 611492365333460, 611492365335052, 611492365567846, 8192
611492366183081, 611492700967960, 611492700982849, 611492700984127, 611492701148958, 611492704547571, 611492704549015, 611492704733958, 8191
611492705202194, 611493042993561, 611493043008653, 611493043010597, 611493043188947, 611493046585653, 611493046587116, 611493046765188, 8192
611493046899890, 611493385904948, 611493385943707, 611493385946003, 611493386295425, 611493396496041, 611493396500412, 611493396903185, 8191
611493397165738, 611493725132337, 611493725173522, 611493725175818, 611493725515629, 611493736120944, 611493736125815, 611493736803400, 8192
611493737099305, 611494066426797, 611494066467278, 611494066469667, 611494066831274, 611494077063778, 611494077068334, 611494077484663, 8191
611494077773419, 611494409816401, 611494409861253, 611494409863364, 611494410201582, 611494420402828, 611494420407198, 611494420816768, 8192
611494421080802, 611494751068510, 611494751119880, 611494751122139, 611494751476265, 611494761684899, 611494761689177, 611494762081043, 8191
611494762341688, 611495090353916, 611495090395508, 611495090397879, 611495090821745, 611495101155637, 611495101160655, 611495101597929, 8192
611495101864593, 611495431579692, 611495431620395, 611495431622728, 611495431955669, 611495442160822, 611495442165266, 611495442567707, 8191
611495442828204, 611495772884966, 611495772927706, 611495772929966, 611495773280295, 611495783469689, 611495783474022, 611495783886796, 8192
611495784158367, 611496116354551, 611496116393754, 611496116396217, 611496116763473, 611496127032477, 611496127037477, 611496127453695, 8191
611496127724877, 611496455460311, 611496455477904, 611496455479719, 611496455655069, 611496459094366, 611496459095959, 611496459270235, 8192
611496459391104, 611496796716938, 611496796733568, 611496796736216, 611496796915232, 611496800321438, 611496800322882, 611496800524435, 8191
611496802442397, 611497138781353, 611497138798038, 611497138800297, 611497138985277, 611497142386815, 611497142388315, 611497142566869, 8192
611497142698590, 611497480044387, 611497480074109, 611497480075164, 611497480271310, 611497483655164, 611497483656608, 611497483825644, 8191
611497483955827, 611497820653353, 611497820667983, 611497820669964, 611497820846537, 611497824262205, 611497824263631, 611497824437814, 8192
611497825026937, 611498161925332, 611498161940369, 611498161942313, 611498162120607, 611498165576979, 611498165578534, 611498165787180, 8191
611498165921975, 611498503997931, 611498504023727, 611498504024672, 611498504219244, 611498507603505, 611498507604968, 611498507801003, 8192
611498507934927, 611498848280045, 611498848297119, 611498848299341, 611498848511561, 611498851895285, 611498851896692, 611498852120986, 8191
611498869046810, 611499188204759, 611499188250222, 611499188252574, 611499188614366, 611499198803075, 611499198807445, 611499199201441, 8192
611499199459605, 611499527414167, 611499527453018, 611499527455388, 611499527790811, 611499538244480, 611499538249183, 611499538656975, 8191
611499538921861, 611499870803363, 611499870848270, 611499870850678, 611499871218655, 611499881421808, 611499881425475, 611499881817878, 8192
611499882079764, 611500210012141, 611500210057196, 611500210059566, 611500210409711, 611500220716974, 611500220721788, 611500221138951, 8191
611500221401800, 611500551248156, 611500551294415, 611500551296563, 611500551630375, 611500561832120, 611500561836342, 611500562224023, 8192
611500562471891, 611500892615226, 611500892655985, 611500892658578, 611500893011981, 611500903202005, 611500903206338, 611500903625519, 8191
611500905674794, 611501233916111, 611501233955630, 611501233957926, 611501234313385, 611501244520130, 611501244524649, 611501244931348, 8192
611501245188123, 611501577313901, 611501577358734, 611501577361104, 611501577708619, 611501587895809, 611501587900124, 611501588354786, 8191
611501589215499, 611501916595788, 611501916640195, 611501916642492, 611501916988340, 611501927177474, 611501927181789, 611501927602118, 8192
611501927862726, 611502257712527, 611502257728509, 611502257730564, 611502257908599, 611502261306434, 611502261307897, 611502261492821, 8191
611502261622079, 611502599701850, 611502599715961, 611502599717146, 611502599893737, 611502603305923, 611502603307368, 611502603481718, 8192
611502603607642, 611502941061734, 611502941076586, 611502941078197, 611502941268399, 611502944667400, 611502944668845, 611502944843861, 8191
611502944971971, 611503281646849, 611503281661090, 611503281662404, 611503281834995, 611503285235256, 611503285236700, 611503285423643, 8192
611503285561697, 611503622965734, 611503622982030, 611503622983937, 611503623156306, 611503626554678, 611503626556122, 611503626745009, 8191
611503626876434, 611503964986667, 611503965002667, 611503965004870, 611503965188739, 611503968587611, 611503968589074, 611503968759516, 8192
611503968881237, 611504305633855, 611504305650281, 611504305652651, 611504305846834, 611504309247743, 611504309249206, 611504309454482, 8191
611504309573351, 611504647577752, 611504647591437, 611504647592326, 611504647786268, 611504651181437, 611504651182844, 611504651360675, 8192
611504651473878, 611504990533453, 611504990574193, 611504990577101, 611504990931264, 611505001165101, 611505001169583, 611505001588004, 8191
611505001862816, 611505329733230, 611505329772082, 611505329774415, 611505330109986, 611505340316805, 611505340321398, 611505340731264, 8192
611505340991631, 611505671010319, 611505671055596, 611505671057874, 611505671407074, 611505681633282, 611505681637653, 611505682036871, 8191
611505682301738, 611506014351868, 611506014395516, 611506014397775, 611506014751327, 611506024955535, 611506024959942, 611506025372975, 8192
611506025637565, 611506353638052, 611506353676384, 611506353678662, 611506354017399, 611506364447068, 611506364451883, 611506364857564, 8191
611506365124598, 611506697108840, 611506697152006, 611506697154061, 611506697518187, 611506707706359, 611506707710600, 611506708134984, 8192
611506708649127, 611507036314858, 611507036356802, 611507036359172, 611507036723372, 611507046956691, 611507046961265, 611507047361002, 8191
611507047629425, 611507377573261, 611507377617779, 611507377620039, 611507377952868, 611507388156984, 611507388161410, 611507388567961, 8192
611507388833107, 611507718833739, 611507718876776, 611507718879183, 611507719244679, 611507729447795, 611507729452091, 611507729862031, 8191
611507730307768, 611508062271972, 611508062317101, 611508062319434, 611508062690894, 611508072905694, 611508072910083, 611508073312209, 8192
611508073582613, 611508401327695, 611508401342343, 611508401344065, 611508401516230, 611508404912769, 611508404914250, 611508405100545, 8191
611508405234413, 611508742617154, 611508742631524, 611508742632450, 611508742809578, 611508746406725, 611508746408262, 611508746629982, 8192
611508746749963, 611509083934038, 611509083949057, 611509083950353, 611509084154129, 611509087537982, 611509087539427, 611509087712888, 8191
611509087838257, 611509425244590, 611509425260090, 611509425262164, 611509425435977, 611509429012736, 611509429014217, 611509429206937, 8192
611509429341862, 611509767292633, 611509767308300, 611509767310244, 611509767493835, 611509770890799, 611509770892225, 611509771071001, 8191
611509771203981, 611510108625999, 611510108641091, 611510108642758, 611510108822830, 611510112220887, 611510112222350, 611510112397737, 8192
611510112527662, 611510449191817, 611510449206706, 611510449208206, 611510449410741, 611510452808298, 611510452809742, 611510453003648, 8191
611510453171387, 611510791208676, 611510791223083, 611510791224231, 611510791402026, 611510794798157, 611510794799564, 611510794974933, 8192
611510795104283, 611511132073972, 611511134204246, 611511134206617, 611511134573483, 611511144891431, 611511144896098, 611511145316482, 8191
611511145594942, 611511473313821, 611511473362672, 611511473364913, 611511473700187, 611511483888395, 611511483892803, 611511484322409, 8192
611511484571740, 611511814638260, 611511814683149, 611511814685408, 611511815036275, 611511825236039, 611511825240335, 611511825646220, 8191
611511825913198, 611512155930812, 611512155975200, 611512155977496, 611512156365529, 611512166582960, 611512166587330, 611512166989011, 8192
611512167246490, 611512499281915, 611512499327137, 611512499329508, 611512499664893, 611512509867935, 611512509872342, 611512510273634, 8191
611512510539354, 611512838600450, 611512838644968, 611512838647209, 611512839003150, 611512849229265, 611512849233728, 611512849639817, 8192
611512849907684, 611513179833465, 611513179874242, 611513179876576, 611513180262998, 611513190446262, 611513190450632, 611513190856443, 8191
611513191119051, 611513523193532, 611513523237679, 611513523239772, 611513523577176, 611513533802254, 611513533806514, 611513534200213, 8192
611513534465340, 611513862511733, 611513862555214, 611513862557566, 611513862901970, 611513873103549, 611513873107845, 611513873501859, 8191
611513873946392, 611514203797821, 611514203836358, 611514203838654, 611514204221743, 611514214454099, 611514214458636, 611514214873632, 8192
611514215143073, 611514544949689, 611514544963448, 611514544965392, 611514545142983, 611514548540559, 611514548542003, 611514548728483, 8191
611514548924610, 611514886962140, 611514886977306, 611514886978899, 611514887159193, 611514890554917, 611514890556398, 611514890723323, 8192
611514890849025, 611515228277653, 611515228292653, 611515228294838, 611515228477114, 611515231860820, 611515231862283, 611515232051059, 8191
611515232181668, 611515568898249, 611515568911545, 611515568912341, 611515569082006, 611515572478174, 611515572479600, 611515572654432, 8192
611515572865541, 611515910184689, 611515910200411, 611515910202411, 611515910379131, 611515913776244, 611515913777688, 611515913951242, 8191
611515914076241, 611516252232287, 611516252249843, 611516252251972, 611516252474470, 611516255858398, 611516255859842, 611516256058062, 8192
611516257113292, 611516593542912, 611516593558505, 611516593560116, 611516593732299, 611516597151708, 611516597153134, 611516597319632, 8191
611516597444038, 611516934847056, 611516934861148, 611516934862092, 611516935044442, 611516938441722, 611516938443148, 611516938622886, 8192
611516938739422, 611517275620353, 611517275665371, 611517275667648, 611517276060311, 611517286240871, 611517286245260, 611517286647904, 8191
611517286904068, 611517618951845, 61151761899