Inicio, Continuar, Recep_Num_Muestras, Ampliacion_Array, Recepcion, Convolucion, Historial, Devolucion, Num_Muestras
611487910181262, 611488264592123, 611488264604086, 611488264634474, 611488264890972, 611488268575526, 611488268577044, 611488273872748, 8192
611488274383002, 611488605817547, 611488605825899, 611488605826584, 611488605902194, 611488609222826, 611488609225085, 611488609379343, 8191
611488613681224, 611488952075159, 611488952087029, 611488952087714, 611488952223898, 611488955526753, 611488955528216, 611488955703732, 8192
611488961082917, 611489292044744, 611489292053059, 611489292053670, 611489292128336, 611489295417783, 611489295419227, 611489295576078, 8191
611489296307774, 611489632820580, 611489632835432, 611489632836450, 611489632906227, 611489636213156, 611489636214582, 611489636361395, 8192
611489636720317, 611489971225792, 611489971240996, 611489971241681, 611489971391198, 611489974695960, 611489974697608, 611489974861032, 8191
611489975203362, 611490312599529, 611490312611807, 611490312612400, 611490312910045, 611490316504266, 611490316505859, 611490316564062, 8192
611490317008983, 611490655387492, 611490655403418, 611490655404214, 611490655565750, 611490658889900, 611490658891363, 611490659064491, 8191
611490661018619, 611490994403606, 611490994420124, 611490994420680, 611490994573123, 611490997891903, 611490997893366, 611490998033364, 8192
611490998358805, 611491337919876, 611491337931080, 611491337931783, 611491338075856, 611491341539431, 611491341541116, 611491341617245, 8191
611491341915353, 611491678011923, 611491678029885, 611491678030570, 611491678192698, 611491681498108, 611491681499553, 611491681647070, 8192
611491681933104, 611492019103533, 611492019113625, 611492019114347, 611492019254624, 611492022579552, 611492022581015, 611492022709773, 8191
611492022978363, 611492361450389, 611492361466778, 611492361467500, 611492361619258, 611492364952649, 611492364954667, 611492365402978, 8192
611492366190080, 611492700984645, 611492701000941, 611492701001941, 611492701148458, 611492704482368, 611492704483849, 611492704601922, 8191
611492705211323, 611493043010505, 611493043028782, 611493043029505, 611493043187688, 611493046519579, 611493046521190, 611493046639023, 8192
611493046907557, 611493385935837, 611493385968151, 611493385969966, 611493386289222, 611493396241877, 611493396246266, 611493396606392, 8191
611493397186386, 611493725157485, 611493725194281, 611493725196207, 611493725509240, 611493736325183, 611493736330183, 611493736469385, 8192
611493737127101, 611494066461907, 611494066487907, 611494066489944, 611494066826126, 611494076814522, 611494076819225, 611494077183759, 8191
611494077797437, 611494409841160, 611494409881864, 611494409883475, 611494410195638, 611494420160182, 611494420164497, 611494420508234, 8192
611494421101969, 611494751098824, 611494751141416, 611494751143046, 611494751471394, 611494761381976, 611494761386569, 611494761798231, 8191
611494762364429, 611495090393397, 611495090419508, 611495090421508, 611495090813949, 611495100774919, 611495100779363, 611495101284358, 8192
611495101881463, 611495431610858, 611495431643117, 611495431644802, 611495431953206, 611495441898695, 611495441902936, 611495442271062, 8191
611495442844852, 611495772905466, 611495772948669, 611495772950336, 611495773274592, 611495783217006, 611495783221266, 611495783580892, 8192
611495784183144, 611496116393291, 611496116419254, 611496116422106, 611496116758436, 611496126673832, 611496126678184, 611496127155976, 8191
611496127749729, 611496455477385, 611496455491756, 611496455492330, 611496455653032, 611496458971664, 611496458973127, 611496459145736, 8192
611496459398826, 611496796729179, 611496796741716, 611496796742253, 611496796913325, 611496800232420, 611496800234216, 611496800375233, 8191
611496802451656, 611497138795149, 611497138811408, 611497138812649, 611497138984295, 611497142300020, 611497142301464, 611497142440722, 8192
611497142706608, 611497480056238, 611497480080146, 611497480080720, 611497480269218, 611497483557776, 611497483559239, 611497483707552, 8191
611497483962716, 611497820663279, 611497820674372, 611497820674927, 611497820844018, 611497824147632, 611497824149576, 611497824310130, 8192
611497825026771, 611498161947794, 611498161962035, 611498161962739, 611498162119682, 611498165442425, 611498165443962, 611498165635256, 8191
611498165931420, 611498504016024, 611498504030690, 611498504031246, 611498504217799, 611498507524617, 611498507526024, 611498507657745, 8192
611498507942427, 611498848304971, 611498848321359, 611498848321933, 611498848510468, 611498851799286, 611498851801175, 611498851952766, 8191
611498872114963, 611499188240185, 611499188272351, 611499188274259, 611499188610551, 611499198514948, 611499198520078, 611499198914666, 8192
611499199481697, 611499527442611, 611499527476833, 611499527478481, 611499527786718, 611499538094851, 611499538099611, 611499538354719, 8191
611499538945083, 611499870835289, 611499870873215, 611499870874844, 611499871211174, 611499881160792, 611499881164978, 611499881525807, 8192
611499882098264, 611500210049363, 611500210075140, 611500210076955, 611500210408526, 611500220371051, 611500220375848, 611500220834547, 8191
611500221422744, 611500551273471, 611500551310211, 611500551311860, 611500551626356, 611500561592271, 611500561596530, 611500561928545, 8192
611500562496335, 611500892653855, 611500892681448, 611500892683429, 611500893009815, 611500902925285, 611500902929545, 611500903318281, 8191
611500905702386, 611501233943167, 611501233973870, 611501233976074, 611501234306922, 611501244237004, 611501244241930, 611501244634722, 8192
611501245213549, 611501577342604, 611501577375178, 611501577377048, 611501577701619, 611501587640663, 611501587644830, 611501588028048, 8191
611501589233795, 611501916629677, 611501916659917, 611501916662288, 611501916984507, 611501926884292, 611501926888644, 611501927295677, 8192
611501927881486, 611502257730601, 611502257745583, 611502257746194, 611502257907099, 611502261216750, 611502261218213, 611502261358952, 8191
611502261630635, 611502599714461, 611502599725775, 611502599726349, 611502599892588, 611502603191073, 611502603192554, 611502603359534, 8192
611502603614439, 611502941074827, 611502941088030, 611502941088956, 611502941265936, 611502944569624, 611502944571494, 611502944720585, 8191
611502944978582, 611503281657330, 611503281668497, 611503281669071, 611503281834106, 611503285152868, 611503285154294, 611503285290292, 8192
611503285570308, 611503622977604, 611503622990011, 611503622991326, 611503623154991, 611503626471549, 611503626472975, 611503626609863, 8191
611503626884526, 611503964999593, 611503965013685, 611503965014463, 611503965186757, 611503968492612, 611503968494075, 611503968637888, 8192
611503968889182, 611504305648392, 611504305665984, 611504305666818, 611504305844705, 611504309158318, 611504309159781, 611504309303743, 8191
611504309581740, 611504647590122, 611504647599548, 611504647600122, 611504647784379, 611504651085012, 611504651086845, 611504651231603, 8192
611504651482026, 611504990566064, 611504990593175, 611504990595193, 611504990928875, 611505000888789, 611505000893030, 611505001282341, 8191
611505001881298, 611505329764822, 611505329796730, 611505329798415, 611505330105226, 611505340018901, 611505340023715, 611505340428933, 8192
611505341010557, 611505671041022, 611505671076429, 611505671078152, 611505671402574, 611505681365285, 611505681369581, 611505681742929, 8191
611505682323812, 611506014384349, 611506014413015, 611506014415163, 611506014744919, 611506024725797, 611506024730241, 611506025069626, 8192
611506025658676, 611506353667070, 611506353694310, 611506353696069, 611506354011437, 611506364238941, 611506364243645, 611506364562697, 8191
611506365142895, 611506697140191, 611506697174321, 611506697175932, 611506697512947, 611506707466972, 611506707471287, 611506707823172, 8192
611506708669756, 611507036353394, 611507036380172, 611507036381949, 611507036717113, 611507046616509, 611507046620694, 611507047064171, 8191
611507047651017, 611507377598817, 611507377636761, 611507377638464, 611507377948665, 611507387905431, 611507387909802, 611507388270465, 8192
611507388851199, 611507718860646, 611507718894146, 611507718895794, 611507719237383, 611507729147613, 611507729151946, 611507729564312, 8191
611507730307842, 611508062302786, 611508062337564, 611508062339582, 611508062684671, 611508072645419, 611508072649938, 611508073017749, 8192
611508073604854, 611508401340787, 611508401351491, 611508401352047, 611508401515156, 611508404820807, 611508404822621, 611508404963768, 8191
611508405241173, 611508742627135, 611508742638654, 611508742639209, 611508742807652, 611508746444225, 611508746445892, 611508746494410, 8192
611508746756740, 611509083947668, 611509083959094, 611509083959686, 611509084138240, 611509087430335, 611509087431946, 611509087588797, 8191
611509087844572, 611509425254608, 611509425267589, 611509425268126, 611509425433569, 611509428739757, 611509428741220, 611509429065642, 8192
611509429348436, 611509767302522, 611509767316114, 611509767316948, 611509767492205, 611509770813171, 611509770814596, 611509770941447, 8191
611509771209278, 611510108643091, 611510108657962, 611510108658813, 611510108821349, 611510112125018, 611510112126925, 611510112271405, 8192
611510112535810, 611510449202187, 611510449214669, 611510449215224, 611510449390334, 611510452701021, 611510452702818, 611510452862668, 8191
611510453178109, 611510791218139, 611510791228898, 611510791229453, 611510791399378, 611510794701695, 611510794703139, 611510794848897, 8192
611510795111487, 611511132106176, 611511134224191, 611511134226413, 611511134567335, 611511144513139, 611511144517694, 611511145016208, 8191
611511145617961, 611511473346450, 611511473387449, 611511473389172, 611511473693891, 611511483634880, 611511483639250, 611511483991024, 8192
611511484592425, 611511814660760, 611511814704019, 611511814705649, 611511815032719, 611511824993930, 611511824998152, 611511825347408, 8191
611511825931402, 611512155964274, 611512155994607, 611512155997200, 611512156360233, 611512166281759, 611512166286167, 611512166697681, 8192
611512167272879, 611512499311452, 611512499344674, 611512499346378, 611512499662134, 611512509603271, 611512509607678, 611512509972193, 8191
611512510562909, 611512838628339, 611512838665172, 611512838666820, 611512838998650, 611512848960342, 611512848964620, 611512849338653, 8192
611512849926480, 611513179870650, 611513179895224, 611513179897242, 611513180257016, 611513190182968, 611513190187320, 611513190556798, 8191
611513191146217, 611513523225735, 611513523260624, 611513523262401, 611513523571768, 611513533511831, 611513533516128, 611513533909383, 8192
611513534485451, 611513862536048, 611513862579140, 611513862580899, 611513862897525, 611513872851755, 611513872856051, 611513873206992, 8191
611513873964706, 611514203831339, 611514203855413, 611514203857321, 611514204215539, 611514214164898, 611514214169232, 611514214565672, 8192
611514215165684, 611514544962522, 611514544973448, 611514544974022, 611514545140946, 611514548448004, 611514548449449, 611514548592947, 8191
611514548929906, 611514886971399, 611514886984565, 611514886985102, 611514887156749, 611514890470510, 611514890471936, 611514890605935, 8192
611514890855155, 611515228296394, 611515228310172, 611515228310764, 611515228474540, 611515231763284, 611515231764728, 611515231911264, 8191
611515232189724, 611515568910137, 611515568919952, 611515568920489, 611515569080747, 611515572384027, 611515572385471, 611515572528951, 8192
611515572872818, 611515910199559, 611515910209151, 611515910209688, 611515910377668, 611515913689448, 611515913690893, 611515913825373, 8191
611515914084259, 611516252245769, 611516252258102, 611516252259676, 611516252472655, 611516255761824, 611516255763250, 611516255908916, 8192
611516257122070, 611516593552153, 611516593566727, 611516593567764, 611516593730373, 611516597037339, 611516597038765, 611516597201615, 8191
611516597450816, 611516934858963, 611516934867981, 611516934869055, 611516935042831, 611516938345704, 611516938347352, 611516938491129, 8192
611516938747533, 611517275651223, 611517275682463, 611517275684222, 611517276056089, 611517285998744, 611517286003022, 611517286345037, 8191
611517286924420, 611517618977067, 61151761901