Inicio, Continuar, Recep_Num_Muestras, Ampliacion_Array, Recepcion, Convolucion, Historial, Devolucion, Num_Muestras
609592510433947, 609593068544451, 609593068548673, 609593068562173, 609593068597395, 609593079244738, 609593079246460, 609593079494032, 8192
609593084522438, 609593611164794, 609593611182165, 609593611183091, 609593611267645, 609593620990499, 609593620992314, 609593621086943, 8191
609593621252200, 609594157989054, 609594158005665, 609594158006702, 609594158120442, 609594167834573, 609594167836240, 609594167982849, 8192
609594168209754, 609594704020989, 609594704044711, 609594704045767, 609594704142303, 609594713851361, 609594713853379, 609594713935526, 8191
609594714108691, 609595250137109, 609595250154108, 609595250155071, 609595250252070, 609595260871433, 609595260873507, 609595260953098, 8192
609595261136004, 609595795481422, 609595795501070, 609595795502088, 609595795595958, 609595805334626, 609595805336497, 609595805424181, 8191
609595805600031, 609596342329570, 609596342345348, 609596342346403, 609596342444809, 609596352246274, 609596352248292, 609596352325402, 8192
609596352510104, 609596888409690, 609596888428615, 609596888429634, 609596888528077, 609596898248913, 609596898250561, 609596898320264, 8191
609596898482762, 609597434547383, 609597434564401, 609597434565382, 609597434668141, 609597444568696, 609597444570733, 609597444651103, 8192
609597444812990, 609597979914214, 609597979931232, 609597979932214, 609597980038805, 609597989741326, 609597989743011, 609597989826881, 8191
609597989924676, 609598526721788, 609598526740510, 609598526741381, 609598526838269, 609598536551382, 609598536553049, 609598536623196, 8192
609598536725935, 609599072833389, 609599072850852, 609599072851926, 609599072948869, 609599082671705, 609599082673538, 609599082753482, 8191
609599082849036, 609599618906823, 609599618926545, 609599618927342, 609599619023785, 609599628752713, 609599628754398, 609599628820879, 8192
609599628918378, 609600164285469, 609600164300339, 609600164301395, 609600164398727, 609600174121785, 609600174123600, 609600174206562, 8191
609600174311301, 609600711143376, 609600711162395, 609600711163413, 609600711261282, 609600720975896, 609600720977748, 609600721049099, 8192
609600721147912, 609601257195070, 609601257212570, 609601257213607, 609601257309661, 609601267031127, 609601267032960, 609601267107237, 8191
609601267209458, 609601802608549, 609601802628475, 609601802629419, 609601802723011, 609601812434031, 609601812435698, 609601812514753, 8192
609601812621677, 609602348697742, 609602348715186, 609602348716131, 609602348818685, 609602358537132, 609602358538947, 609602358619520, 8191
609602358721537, 609602895530946, 609602895551112, 609602895552057, 609602895654352, 609602905381780, 609602905383539, 609602905465705, 8192
609602905576333, 609603441601676, 609603441620046, 609603441621009, 609603441717823, 609603451425862, 609603451427696, 609603451500380, 8191
609603451601546, 609603987747628, 609603987766832, 609603987767757, 609603987865330, 609603997587296, 609603997589110, 609603997669961, 8192
609603997767979, 609604533120866, 609604533139033, 609604533139959, 609604533237698, 609604542957515, 609604542959330, 609604543034274, 8191
609604543134050, 609605079958773, 609605079978181, 609605079979125, 609605080100864, 609605089820904, 609605089822737, 609605089898792, 8192
609605089998253, 609605625996486, 609605626014059, 609605626015134, 609605626109855, 609605635816413, 609605635818079, 609605635893319, 8191
609605635988966, 609606172132549, 609606172149789, 609606172150622, 609606172251751, 609606181958827, 609606181960753, 609606182038493, 8192
609606182132492, 609606717519509, 609606717538601, 609606717539620, 609606717640748, 609606728036058, 609606728038224, 609606728121205, 8191
609606728253888, 609607263639387, 609607263658849, 609607263659868, 609607263760459, 609607273481869, 609607273483684, 609607273563053, 8192
609607273663663, 609607809669673, 609607809688043, 609607809688969, 609607809778246, 609607819497692, 609607819499470, 609607819569340, 8191
609607819667931, 609608355818902, 609608355834124, 609608355835069, 609608355936531, 609608365661885, 609608365663736, 609608365745735, 8192
609608365961437, 609608901905299, 609608901924262, 609608901925225, 609608902015872, 609608911740448, 609608911742281, 609608911822984, 8191
609608911929631, 609609448016399, 609609448042640, 609609448043603, 609609448141472, 609609457870400, 609609457872270, 609609458029879, 8192
609609458159304, 609609994096796, 609609994115481, 609609994116296, 609609994217146, 609610003960519, 609610003962482, 609610004060906, 8191
609610004213071, 609610540219525, 609610540238266, 609610540239229, 609610540338950, 609610550064063, 609610550065859, 609610550134581, 8192
609610550239413, 609611086338403, 609611086355477, 609611086356440, 609611086456587, 609611096186033, 609611096187867, 609611096318995, 8191
609611096452234, 609611632439485, 609611632459670, 609611632460744, 609611632558372, 609611642269708, 609611642271541, 609611642348262, 8192
609611642448372, 609612178536122, 609612178552825, 609612178553973, 609612178653472, 609612188378493, 609612188380326, 609612188457492, 8191
609612188558084, 609612724634240, 609612724654370, 609612724655407, 609612724753183, 609612734466519, 609612734468334, 609612734543222, 8192
609612734643350, 609613270713211, 609613270730600, 609613270731655, 609613270837321, 609613280548138, 609613280549971, 609613280633859, 8191
609613280849394, 609613816840292, 609613816858385, 609613816859607, 609613816963939, 609613826688571, 609613826690404, 609613826771088, 8192
609613826876809, 609614362890726, 609614362906392, 609614362907429, 609614363004891, 609614372733338, 609614372735264, 609614372814837, 8191
609614372912114, 609614909024492, 609614909041622, 609614909042585, 609614909144324, 609614918940770, 609614918942992, 609614919026454, 8192
609614919123935, 609615455095759, 609615455114888, 609615455115814, 609615455215980, 609615464962148, 609615464963685, 609615465090332, 8191
609615465202998, 609616001239710, 609616001259414, 609616001260340, 609616001358764, 609616011076581, 609616011078415, 609616011175099, 8192
609616011287820, 609616547268792, 609616547290088, 609616547290755, 609616547380402, 609616557101108, 609616557102775, 609616557170663, 8191
609616557272365, 609617093437484, 609617093454965, 609617093455780, 609617093556112, 609617104098309, 609617104100383, 609617104194678, 8192
609617104323825, 609617639493306, 609617639508917, 609617639509843, 609617639609750, 609617649336400, 609617649338363, 609617649415843, 8191
609617649522824, 609618185630239, 609618185648350, 609618185649350, 609618185757627, 609618195531498, 609618195533535, 609618195617183, 8192
609618195714904, 609618731697765, 609618731717117, 609618731718043, 609618731823930, 609618741540673, 609618741542970, 609618741619691, 8191
609618741720819, 609619277820383, 609619277836827, 609619277837790, 609619277937937, 609619287665606, 609619287667439, 609619287741068, 8192
609619287840697, 609619823888372, 609619823904742, 609619823905668, 609619824019611, 609619833722891, 609619833724688, 609619833809446, 8191
609619833909352, 609620370019230, 609620370033934, 609620370034897, 609620370133729, 609620379845454, 609620379847268, 609620379926842, 8192
609620380037563, 609620916106830, 609620916125108, 609620916126071, 609620916222366, 609620925946164, 609620925947961, 609620926027478, 8191
609620926131329, 609621462989162, 609621463009013, 609621463010050, 609621463125049, 609621472874681, 609621472876329, 609621473011753, 8192
609621473650505, 609622008326029, 609622008343529, 609622008344529, 609622008440935, 609622018152141, 609622018154067, 609622018232381, 8191
609622018330176, 609622554429554, 609622554448165, 609622554448962, 609622554554349, 609622564272333, 609622564274111, 609622564363665, 8192
609622564468849, 609623100538450, 609623100558561, 609623100559579, 609623100699319, 609623110423099, 609623110424895, 609623110549893, 8191
609623110680225, 609623646644420, 609623646665845, 609623646666920, 609623646768011, 609623656485921, 609623656487606, 609623656569364, 8192
609623656675863, 609624192690279, 609624192705983, 609624192706927, 609624192807593, 609624202530447, 609624202532354, 609624202616131, 8191
609624202807666, 609624738837248, 609624738857804, 609624738858748, 609624738961839, 609624748679842, 609624748681675, 609624748761378, 8192
609624748866340, 609625284884719, 609625284900218, 609625284901422, 609625285000328, 609625294719979, 609625294721793, 609625294805089, 8191
609625294902754, 609625831020929, 609625831039391, 609625831040484, 609625831137150, 609625840858559, 609625840860318, 609625840936151, 8192
609625841041909, 609626377094824, 609626377113324, 609626377114380, 609626377214508, 609626386921492, 609626386923288, 609626387009361, 8191
609626387113749, 609626923219164, 609626923235738, 609626923236664, 609626923339755, 609626933054461, 609626933056258, 609626933149145, 8192
609626933258996, 609627470048811, 609627470067644, 609627470068736, 609627470165124, 609627479911200, 609627479913015, 609627480028569, 8191
609627480155994, 609628015428307, 609628015443047, 609628015444066, 609628015547231, 609628025273585, 609628025275271, 609628025358362, 8192
609628025465268, 609628561489740, 609628561508943, 609628561509869, 609628561609016, 609628571663570, 609628571665626, 609628571758421, 8191
609628571889957, 609629107629690, 609629107646135, 609629107647172, 609629107749245, 609629117477524, 609629117479358, 609629117569931, 8192
609629117672763, 609629653690179, 609629653710160, 609629653711123, 609629653807437, 609629663512550, 609629663514346, 609629663598142, 8191
609629663707029, 609630199820944, 609630199839740, 609630199840685, 609630199938906, 609630209653223, 609630209654778, 609630209748425, 8192
609630209859813, 609630745902877, 609630745924876, 609630745925802, 609630746019690, 609630755742711, 609630755744711, 609630755824895, 8191
609630755926505, 609631292021661, 609631292049753, 609631292050790, 609631292150085, 609631301860069, 609631301861995, 609631301946086, 8192
609631302051882, 609631838063334, 609631838080742, 609631838081575, 609631838176666, 609631847902743, 609631847904557, 609631847984001, 8191
609631848092703, 609632384221859, 609632384238451, 609632384239451, 609632384341802, 609632394065470, 609632394067267, 609632394158155, 8192
609632394258579, 609632930288588, 609632930307106, 609632930308124, 609632930405364, 609632940133088, 609632940134922, 609632940221902, 8191
609632940325494, 609633476446519, 609633476462463, 609633476463408, 609633476561481, 609633486272150, 609633486274039, 609633486354927, 8192
609633486461499, 609634022496026, 609634022513007, 609634022513989, 609634022609654, 609634032336971, 609634032338656, 609634032424137, 8191
609634032621098, 609634568634069, 609634568653143, 609634568654161, 609634568753623, 609634578461125, 609634578462940, 609634578540606, 8192
609634578648234, 609635114696779, 609635114715112, 609635114716112, 609635114812204, 609635124534909, 609635124536613, 609635124623668, 8191
609635124736370, 609635660818229, 609635660838377, 609635660839359, 609635660937784, 609635670644767, 609635670646564, 609635670730341, 8192
609635670829025, 609636206895421, 609636206912884, 609636206913939, 609636207013123, 609636216740848, 609636216742551, 609636216824921, 8191
609636216931142, 609636753027353, 609636753048519, 609636753049482, 609636753155648, 609636762879150, 609636762880705, 609636762980982, 8192
609636763086073, 609637299143340, 609637299161155, 609637299162118, 609637299264654, 609637308980396, 609637308982008, 609637309081414, 8191
609637309192079, 609637845214587, 609637845233513, 609637845234476, 609637845332382, 609637855117846, 609637855119754, 609637855205068, 8192
609637855305659, 609638391298167, 609638391313982, 609638391314927, 609638391412018, 609638401122428, 609638401124224, 609638401203667, 8191
609638401311963, 609638937429451, 609638937450858, 609638937451654, 609638937549635, 609638948049924, 609638948051850, 609638948148479, 8192
609638948257107, 609639483514735, 609639483530938, 609639483531957, 609639483630308, 609639493358550, 609639493360421, 609639493447660, 8191
609639493554122, 609640029626833, 60964002964