Inicio, Continuar, Recep_Num_Muestras, Ampliacion_Array, Recepcion, Convolucion, Historial, Devolucion, Num_Muestras
608556205374754, 608556789378915, 608556789392322, 608556789423970, 608556789650448, 608556793285702, 608556793287535, 608556793723252, 8192
608556794282598, 608557344152586, 608557344173901, 608557344176178, 608557344340973, 608557374411656, 608557374416563, 608557380105959, 8191
608557383099109, 608557884286319, 608557884316245, 608557884318115, 608557884541779, 608557894486588, 608557894491365, 608557899103774, 8192
608557903114690, 608558424921750, 608558424951323, 608558424953657, 608558425266338, 608558435223332, 608558435228017, 608558437504231, 8191
608558438274629, 608558971028264, 608558971060356, 608558971062338, 608558971356964, 608558981321846, 608558981326661, 608558983288564, 8192
608558983980834, 608559517103464, 608559517152408, 608559517155371, 608559517429275, 608559528276980, 608559528282295, 608559529441263, 8191
608559530148366, 608560063221793, 608560063259644, 608560063261866, 608560063570011, 608560073533949, 608560073538301, 608560073978703, 8192
608560074666621, 608560609138569, 608560609152031, 608560609153198, 608560609315474, 608560612641713, 608560612643583, 608560612803155, 8191
608560613134003, 608561155936704, 608561155955038, 608561155955704, 608561156211979, 608561159522607, 608561159524403, 608561159677012, 8192
608561159973213, 608561702015571, 608561702029034, 608561702030219, 608561702197365, 608561705521919, 608561705523567, 608561705685287, 8191
608561705942340, 608562247465834, 608562247476760, 608562247478167, 608562247640554, 608562250963126, 608562250964922, 608562251117957, 8192
608562251363955, 608562794197193, 608562794207878, 608562794208563, 608562794382283, 608562797708410, 608562797709818, 608562797863538, 8191
608562798110072, 608563340358651, 608563340369817, 608563340370576, 608563340535223, 608563343845758, 608563343847535, 608563344033126, 8192
608563344271919, 608563887891519, 608563887919814, 608563887922092, 608563888246496, 608563898186342, 608563898190990, 608563898627448, 8191
608563899141756, 608564432065778, 608564432145258, 608564432147388, 608564432456718, 608564442437582, 608564442442100, 608564442861651, 8192
608564443378385, 608564980146621, 608564980231342, 608564980233286, 608564980557301, 608564990518313, 608564990522961, 608564990999437, 8191
608564991501117, 608565524255510, 608565524297954, 608565524299806, 608565524598006, 608565534594203, 608565534598518, 608565535314843, 8192
608565535897929, 608566072340723, 608566072374316, 608566072376297, 608566072682238, 608566082638213, 608566082643139, 608566083335631, 8191
608566083847625, 608566616437243, 608566616474502, 608566616476835, 608566616796516, 608566626761918, 608566626766195, 608566627195246, 8192
608566627720573, 608567163033048, 608567163043288, 608567163044344, 608567163210379, 608567166534784, 608567166536617, 608567166696597, 8191
608567166947298, 608567709144303, 608567709154395, 608567709155136, 608567709328874, 608567712655169, 608567712657057, 608567712820648, 8192
608567713052645, 608568255218484, 608568255229243, 608568255230650, 608568255400778, 608568258724665, 608568258726461, 608568258885163, 8191
608568259121919, 608568800668543, 608568800679580, 608568800680802, 608568800843781, 608568804168650, 608568804170465, 608568804333074, 8192
608568804590811, 608569346761224, 608569346771631, 608569346773279, 608569346946814, 608569350273145, 608569350274794, 608569350429107, 8191
608569350658641, 608569895126323, 608569895158822, 608569895160896, 608569895501485, 608569905492756, 608569905497145, 608569905906325, 8192
608569906428578, 608570441145912, 608570441179911, 608570441182004, 608570441480241, 608570451435143, 608570451439865, 608570451865619, 8191
608570452369372, 608570985217894, 608570985255987, 608570985257709, 608570985563001, 608570995519644, 608570995524218, 608570995940546, 8192
608570996470817, 608571531280724, 608571531318075, 608571531319816, 608571531638775, 608571541604269, 608571541608917, 608571542045116, 8191
608571542559758, 608572079446140, 608572079473269, 608572079475251, 608572079805136, 608572089776907, 608572089781388, 608572090268216, 8192
608572090966337, 608572625559246, 608572625592931, 608572625594783, 608572625900983, 608572635856422, 608572635861218, 608572636309138, 8191
608572636956168, 608573169463287, 608573169476509, 608573169477546, 608573169639359, 608573172964116, 608573172965931, 608573173125151, 8192
608573173373500, 608573716189238, 608573716200978, 608573716201664, 608573716373254, 608573719679826, 608573719681382, 608573719837195, 8191
608573720797480, 608574262388547, 608574262409843, 608574262410528, 608574262567601, 608574265890802, 608574265892636, 608574266062671, 8192
608574266304612, 608574807896772, 608574807941086, 608574807943031, 608574808274157, 608574818211262, 608574818216132, 608574818669923, 8191
608574819180695, 608575354099322, 608575354142544, 608575354144303, 608575354468003, 608575364434478, 608575364439312, 608575364889065, 8192
608575365396282, 608575902228257, 608575902270182, 608575902271979, 608575902598827, 608575912562543, 608575912566839, 608575913042037, 8191
608575913560253, 608576446271629, 608576446312165, 608576446314036, 608576446633161, 608576456610340, 608576456615192, 608576457028558, 8192
608576457537440, 608576994535451, 608576994583228, 608576994585172, 608576994889021, 608577004858181, 608577004863033, 608577005295880, 8191
608577006046852, 608577540312339, 608577540357468, 608577540359227, 608577540657761, 608577550831771, 608577550836660, 608577551124527, 8192
608577556720794, 608578088132629, 608578088151610, 608578088152944, 608578088225647, 608578091524737, 608578091526312, 608578091697772, 8191
608578091957899, 608578630706111, 608578630744666, 608578630746592, 608578631064310, 608578641025323, 608578641030249, 608578641523650, 8192
608578642710988, 608579176701348, 608579176746052, 608579176748070, 608579177047881, 608579187140429, 608579187145263, 608579187433426, 8191
608579188103381, 608579722837418, 608579722881325, 608579722883454, 608579723177932, 608579733160278, 608579733164667, 608579733574477, 8192
608579734218747, 608580268908210, 608580268948117, 608580268950376, 608580269263872, 608580280660405, 608580280665386, 608580280797237, 8191
608580281467081, 608580815062724, 608580815101982, 608580815104242, 608580815423441, 608580825390417, 608580825394676, 608580825836745, 8192
608580826373961, 608581361088350, 608581361135386, 608581361137201, 608581361440401, 608581371391839, 608581371396562, 608581371850241, 8191
608581376446817, 608581907064143, 608581907075013, 608581907076272, 608581907246011, 608581910568750, 608581910570509, 608581910738026, 8192
608581910968893, 608582453140139, 608582453150361, 608582453151583, 608582453331488, 608582456650801, 608582456652357, 608582456818133, 8191
608582457072389, 608582999987940, 608582999997848, 608582999998625, 608583000187864, 608583003497214, 608583003498788, 608583003656545, 8192
608583003883617, 608583545319593, 608583545329612, 608583545330926, 608583545493610, 608583548816496, 608583548818052, 608583548973680, 8191
608583549213825, 608584092192228, 608584092207709, 608584092209005, 608584092370281, 608584095681779, 608584095683446, 608584095836352, 8192
608584096238717, 608584638250279, 608584638266983, 608584638268890, 608584638425296, 608584641751794, 608584641753572, 608584641906144, 8191
608584642141882, 608585184394163, 608585184404219, 608585184404941, 608585184571124, 608585187881641, 608585187883270, 608585188052250, 8192
608585188283673, 608585729733409, 608585729742631, 608585729743686, 608585729911073, 608585733233960, 608585733235534, 608585733400662, 8191
608585733649159, 608586276601932, 608586276610210, 608586276610895, 608586276779856, 608586280103243, 608586280104817, 608586280265722, 8192
608586280492646, 608586822631836, 608586822643391, 608586822644169, 608586822812982, 608586826135498, 608586826136924, 608586826292015, 8191
608586826525901, 608587368131431, 608587368148931, 608587368149949, 608587368319447, 608587371630390, 608587371631927, 608587371788073, 8192
608587372033922, 608587914141742, 608587914152465, 608587914153724, 608587914320055, 608587917643368, 608587917644794, 608587917805996, 8191
608587918201102, 608588460993692, 608588461003488, 608588461004414, 608588461178449, 608588464510799, 608588464512262, 608588464663704, 8192
608588464904998, 608589008668169, 608589008705576, 608589008707539, 608589009017165, 608589018964566, 608589018968955, 608589019413783, 8191
608589019900537, 608589552669652, 608589552717578, 608589552719596, 608589553033426, 608589563567005, 608589563571413, 608589563662726, 8192
608589564248516, 608590098772407, 608590098806110, 608590098808036, 608590099133514, 608590109099896, 608590109104804, 608590109591131, 8191
608590110124384, 608590646971007, 608590647013711, 608590647015433, 608590647310096, 608590657299497, 608590657303941, 608590657710862, 8192
608590658199764, 608591190945769, 608591190975787, 608591190977546, 608591191284116, 608591201235518, 608591201240110, 608591201680809, 8191
608591202194655, 608591737015468, 608591737062282, 608591737064116, 608591737385371, 608591747358365, 608591747362494, 608591747922377, 8192
608591748471555, 608592283680216, 608592283690086, 608592283690846, 608592283858010, 608592287176916, 608592287178749, 608592287357377, 8191
608592287621836, 608592829764545, 608592829778045, 608592829779119, 608592829942543, 608592833265745, 608592833267430, 608592833426483, 8192
608592833660870, 608593375180400, 608593375190771, 608593375191641, 608593375377157, 608593378712359, 608593378713822, 608593378857320, 8191
608593381396087, 608593921269063, 608593921280248, 608593921281507, 608593921440116, 608593924763522, 608593924765318, 608593924925686, 8192
608593925170646, 608594467323725, 608594467333188, 608594467333910, 608594467508482, 608594470827888, 608594470829721, 608594470985701, 8191
608594471219698, 608595013493387, 608595013504664, 608595013505794, 608595013667162, 608595016989716, 608595016991512, 608595017146751, 8192
608595017402692, 608595560255393, 608595560266689, 608595560267356, 608595560439039, 608595563747148, 608595563748852, 608595563899554, 8191
608595564152458, 608596105859079, 608596105889801, 608596105891727, 608596106206445, 608596116161717, 608596116166476, 608596116652489, 8192
608596117179446, 608596654125123, 608596654178734, 608596654180789, 608596654500693, 608596664460538, 608596664465075, 608596664949977, 8191
608596665450471, 608597198077903, 608597198107273, 608597198109255, 608597198428769, 608597208393633, 608597208398226, 608597208866980, 8192
608597209401362, 608597746242022, 608597746284114, 608597746286263, 608597746590833, 608597756570364, 608597756574678, 608597757028914, 8191
608597757709665, 608598290338726, 608598290366800, 608598290368967, 608598290678074, 608598300652105, 608598300657068, 608598301134599, 8192
608598301660501, 608598836337464, 608598836368241, 608598836370315, 608598836688626, 608598846694546, 608598846699453, 608598847091004, 8191
608598847623701, 608599382268017, 608599382278146, 608599382279517, 608599382455514, 608599385774420, 608599385776290, 608599385936788, 8192
608599386164175, 608599929226280, 608599929238076, 608599929239002, 608599929402111, 608599932723424, 608599932724979, 608599932882792, 8191
608599933117938, 608600475198888, 608600475209295, 608600475210239, 608600475382386, 608600478706420, 608600478708291, 608600478860937, 8192
608600479086509, 608601020545225, 608601020556892, 608601020558281, 608601020727112, 608601024049925, 608601024051517, 608601024213664, 8191
608601024923692, 608601567429674, 608601567443896, 608601567445082, 608601567600820, 608601570958781, 608601570960336, 608601571080613, 8192
608601571368554, 608602112929862, 608602112966750, 608602112969269, 608602113289358, 608602123262444, 608602123266759, 608602123708420, 8191
608602124282561, 608602659134356, 608602659176763, 608602659178763, 608602659470056, 608602669435586, 608602669439846, 608602669879192, 8192
608602670388594, 608603205353146, 608603205388424, 608603205390275, 608603205684772, 608603215641303, 608603215645488, 608603216114760, 8191
608603216633069, 608603753464951, 60860375350