Inicio, Continuar, Recep_Num_Muestras, Ampliacion_Array, Recepcion, Convolucion, Historial, Devolucion, Num_Muestras
610782480429881, 610782914883780, 610782915052426, 610782915138962, 610782920259256, 610782939280911, 610782939287133, 610782944327595, 8192
610782946015761, 610783328100789, 610783328113845, 610783328115771, 610783348057990, 610783360786234, 610783360791160, 610783363784256, 8191
610783364667413, 610783732120329, 610783732135718, 610783732137736, 610783748116741, 610783766151166, 610783766156092, 610783788157287, 8192
610783804188032, 610784144081334, 610784144096278, 610784144098186, 610784144194240, 610784162173796, 610784162180463, 610784168171636, 8191
610784168976534, 610784556142468, 610784556157560, 610784556159634, 610784556284651, 610784590261785, 610784590266915, 610784590402080, 8192
610784591107757, 610784960965572, 610784960979257, 610784960981091, 610784961106274, 610784971052403, 610784971057051, 610784975337336, 8191
610784976622599, 610785369429654, 610785369696577, 610785369698725, 610785369834687, 610785382000067, 610785382005290, 610785390704173, 8192
610785392668669, 610785779650383, 610785779665105, 610785779667012, 610785779757733, 610785789723417, 610785789728102, 610785794483789, 8191
610785795204188, 610786187219530, 610786187320251, 610786187321066, 610786187420769, 610786190737731, 610786190739157, 610786190921081, 8192
610786191209966, 610786597366556, 610786597372148, 610786597372889, 610786597447777, 610786600777888, 610786600779462, 610786600964515, 8191
610786601234327, 610787006368354, 610787006474149, 610787006474945, 610787006569333, 610787009874332, 610787009876110, 610787010043960, 8192
610787010269661, 610787416512639, 610787416518305, 610787416519009, 610787416589101, 610787419899156, 610787419900600, 610787420128579, 8191
610787425077819, 610787826076189, 610787826081430, 610787826082115, 610787826139263, 610787829447077, 610787829448873, 610787829647093, 8192
610787829894368, 610788235041710, 610788235155634, 610788235156301, 610788235243448, 610788238565337, 610788238567299, 610788238915999, 8191
610788239160645, 610788645336289, 610788645454140, 610788645454843, 610788645557194, 610788648860546, 610788648861990, 610788649052580, 8192
610788649274448, 610789060078559, 610789060091263, 610789060093170, 610789060201058, 610789070169778, 610789070174593, 610789070645106, 8191
610789071293080, 610789464924848, 610789465171216, 610789465173383, 610789465369306, 610789475303009, 610789475307768, 610789477545743, 8192
610789482735054, 610789873532558, 610789873795722, 610789873797722, 610789873984312, 610789883893830, 610789883898533, 610789886255692, 8191
610789886937388, 610790283159219, 610790283425123, 610790283427197, 610790283567585, 610790293500121, 610790293504880, 610790295778447, 8192
610790300115861, 610790692629308, 610790692874194, 610790692876249, 610790693049285, 610790703035986, 610790703040968, 610790705225369, 8191
610790705840473, 610791102222303, 610791102464374, 610791102466244, 610791102594891, 610791112517668, 610791112522556, 610791114693624, 8192
610791115203841, 610791511774946, 610791511854760, 610791511856889, 610791512159645, 610791522077033, 610791522081959, 610791524270471, 8191
610791524889835, 610791922365596, 610791922618760, 610791922620797, 610791922761462, 610791932705979, 610791932710868, 610791938590875, 8192
610791939218405, 610792330808437, 610792330919473, 610792330920454, 610792331024416, 610792334327601, 610792334329045, 610792334502858, 8191
610792334719393, 610792740379358, 610792740406617, 610792740407321, 610792740572411, 610792743861059, 610792743862504, 610792744067538, 8192
610792744892362, 610793149927686, 610793150042222, 610793150043185, 610793150146388, 610793153460221, 610793153461683, 610793153630089, 8191
610793153846587, 610793559502644, 610793559623865, 610793559624884, 610793559723364, 610793563040975, 610793563042549, 610793563207195, 8192
610793563417507, 610793969278304, 610793969533190, 610793969535023, 610793969685984, 610793979627242, 610793979631686, 610793980169606, 8191
610793980677045, 610794381005941, 610794381083903, 610794381085903, 610794381402325, 610794391332250, 610794391336768, 610794391818504, 8192
610794392474255, 610794788456737, 610794788725142, 610794788727345, 610794788915325, 610794798822231, 610794798826509, 610794814596386, 8191
610794815118806, 610795200065820, 610795200344058, 610795200346095, 610795200537093, 610795210441129, 610795210445536, 610795210968104, 8192
610795211494265, 610795607594412, 610795607838335, 610795607840206, 610795607992056, 610795617930036, 610795617934777, 610795618564418, 8191
610795619050375, 610796019184810, 610796019447196, 610796019449159, 610796019618768, 610796029544341, 610796029548582, 610796030038965, 8192
610796030517756, 610796426739828, 610796426815197, 610796426817420, 610796427099953, 610796437070970, 610796437075229, 610796437554743, 8191
610796438045107, 610796844309862, 610796844330084, 610796844331936, 610796844505471, 610796854461043, 610796854465265, 610796854908853, 8192
610796855408125, 610797250441173, 610797250458469, 610797250460358, 610797250637282, 610797254892216, 610797254893660, 610797255062899, 8191
610797255286507, 610797655994010, 610797656014787, 610797656015936, 610797656109768, 610797659415582, 610797659417008, 610797659585154, 8192
610797659813411, 610798065562116, 610798065577986, 610798065578949, 610798065671429, 610798068993447, 610798068994892, 610798069165519, 8191
610798069520793, 610798475142888, 610798475159555, 610798475160221, 610798475247054, 610798478551127, 610798478552590, 610798478740422, 8192
610798478972956, 610798884709068, 610798884719642, 610798884720698, 610798884814660, 610798888136141, 610798888137696, 610798888306342, 8191
610798888530340, 610799295843619, 610799295862952, 610799295864860, 610799296065024, 610799305981505, 610799305986282, 610799306873772, 8192
610799307380804, 610799706665544, 610799706690951, 610799706693303, 610799706852690, 610799716772411, 610799716777226, 610799717292017, 8191
610799717792455, 610800112878984, 610800113124908, 610800113126759, 610800113294609, 610800123253293, 610800123257719, 610800125847319, 8192
610800126344628, 610800524587140, 610800524606936, 610800524609121, 610800524777323, 610800534731007, 610800534735377, 610800535185780, 8191
610800535670978, 610800932030011, 610800932128473, 610800932130584, 610800932422655, 610800942326172, 610800942330765, 610800944982031, 8192
610800945488507, 610801343804647, 610801343822869, 610801343824795, 610801344030663, 610801353942125, 610801353946458, 610801355353054, 8191
610801355859640, 610801751168130, 610801751412923, 610801751414812, 610801751583903, 610801761499180, 610801761503439, 610801762097914, 8192
610801762598556, 610802162739528, 610802162987488, 610802162989618, 610802163167801, 610802173086133, 610802173090503, 610802174058826, 8191
610802174538042, 610802570170824, 610802570291860, 610802570292749, 610802570399137, 610802573700673, 610802573702581, 610802573889597, 8192
610802574100632, 610802980413719, 610802980534032, 610802980534717, 610802980640494, 610802983946586, 610802983947957, 610802984133677, 8191
610802984351582, 610803390007509, 610803390116823, 610803390117342, 610803390203841, 610803393510248, 610803393511988, 610803393712560, 8192
610803393936317, 610803799537449, 610803799659299, 610803799659948, 610803799762946, 610803803080835, 610803803082224, 610803803250963, 8191
610803803471997, 610804210645537, 610804210717222, 610804210719462, 610804211007829, 610804220946550, 610804220951161, 610804221594154, 8192
610804222085408, 610804618202536, 610804618275146, 610804618277276, 610804618585587, 610804628533234, 610804628537697, 610804628985803, 8191
610804629483057, 610805029852044, 610805029922655, 610805029924673, 610805030245855, 610805040160557, 610805040165020, 610805040675792, 8192
610805041149731, 610805442355746, 610805442619003, 610805442620891, 610805442804482, 610805452767406, 610805452772110, 610805453249734, 8191
610805453729784, 610805846920353, 610805847000278, 610805847002167, 610805847343330, 610805857282162, 610805857286347, 610805857798471, 8192
610805858299706, 610806258498936, 610806258571343, 610806258573454, 610806258871006, 610806268819245, 610806268824060, 610806269503034, 8191
610806270249136, 610806668129800, 610806668254002, 610806668256354, 610806668582314, 610806678482553, 610806678486961, 610806679007418, 8192
610806679472153, 610807075626911, 610807075878019, 610807075880056, 610807076081980, 610807086028349, 610807086033163, 610807086483473, 8191
610807086997393, 610807485762769, 610807485880972, 610807485881620, 610807485986119, 610807489293840, 610807489295340, 610807489479023, 8192
610807489705984, 610807894644920, 610807894763733, 610807894764659, 610807894869769, 610807898170991, 610807898172435, 610807898361322, 8191
610807898579282, 610808304868518, 610808304979683, 610808304980350, 610808305069108, 610808308395107, 610808308396570, 610808308656271, 8192
610808308902083, 610808714474030, 610808714576955, 610808714577955, 610808714687991, 610808718002639, 610808718004231, 610808718179044, 8191
610808718408986, 610809125611803, 610809125854189, 610809125856060, 610809126031465, 610809135959760, 610809135964001, 610809136453977, 8192
610809136920435, 610809533108636, 610809533346078, 610809533347948, 610809533526983, 610809543463519, 610809543467852, 610809544450211, 8191
610809545010131, 610809944711089, 610809944984012, 610809944985919, 610809945172621, 610809955075361, 610809955079879, 610809955591614, 8192
610809956094886, 610810352283550, 610810352351142, 610810352353050, 610810352677361, 610810362599915, 610810362604878, 610810363181612, 8191
610810363697236, 610810763846948, 610810763910170, 610810763912040, 610810764283091, 610810774178294, 610810774182627, 610810774694862, 8192
610810775171061, 610811171423873, 610811171492279, 610811171494372, 610811171838960, 610811181804755, 610811181809033, 610811182258231, 8191
610811212466908, 610811583061825, 610811583137454, 610811583139694, 610811583456320, 610811593422874, 610811593427263, 610811593893480, 8192
610811594372567, 610811990547176, 610811990620953, 610811990623120, 610811990938746, 610812000856874, 610812000861374, 610812001408220, 8191
610812001911492, 610812400820755, 610812400827051, 610812400827848, 610812400907032, 610812404217050, 610812404218883, 610812404426344, 8192
610812404685304, 610812811783512, 610812811804363, 610812811806530, 610812811981157, 610812821895749, 610812821900286, 610812822834683, 8191
610812823337751, 610813219365788, 610813219618748, 610813219620692, 610813219798912, 610813229739152, 610813229743411, 610813232325567, 8192
610813232827357, 610813628905690, 610813629157539, 610813629159353, 610813629334463, 610813639238295, 610813639242795, 610813641936968, 8191
610813642609646, 610814040550457, 610814040576253, 610814040578234, 610814040730844, 610814050643787, 610814050648380, 610814051250743, 8192
610814051738719, 610814448557802, 610814448631468, 610814448633264, 610814449037778, 610814458979314, 610814458984147, 610814461537359, 8191
610814462041501, 610814859701853, 610814859721445, 610814859723241, 610814859901017, 610814869910959, 610814869915681, 610814870358825, 8192
610814870871652, 610815267178593, 610815267436127, 610815267438034, 610815267610532, 610815277545475, 610815277549735, 610815280120261, 8191
610815280610459, 610815678795730, 610815678811860, 610815678813749, 610815678969229, 610815688904968, 610815688909338, 610815689394166, 8192
610815689860476, 610816086840779, 610816086847186, 610816086848112, 610816086954278, 610816090265092, 610816090266518, 610816090630977, 8191
610816090868863, 610816495760336, 610816495865983, 610816495866724, 610816495952334, 610816499256704, 610816499258482, 610816499625181, 8192
610816499850975, 610816905266035, 610816905389033, 610816905389848, 610816905487940, 610816908809532, 610816908810958, 610816908993715, 8191
610816909242490, 610817315568335, 610817315687519, 610817315688242, 610817315797074, 610817319115980, 610817319117369, 610817319287238, 8192
610817319504809, 610817724441189, 610817724557207, 610817724557855, 610817724658872, 610817727947039, 610817727948613, 610817728159814, 8191
610817728962360, 610818134746916, 61081813485