Inicio, Continuar, Recep_Num_Muestras, Ampliacion_Array, Recepcion, Convolucion, Historial, Devolucion, Num_Muestras
610782492511522, 610782916125877, 610782916140488, 610782916215117, 610782916576946, 610782935648656, 610782935653674, 610782940266974, 8192
610782948156700, 610783328170307, 610783328181455, 610783328183344, 610783336250697, 610783351450655, 610783351456136, 610783363661035, 8191
610783364705079, 610783736119617, 610783736137191, 610783736138969, 610783736328207, 610783754386855, 610783754391762, 610783770915760, 8192
610783808190987, 610784148097159, 610784148112400, 610784148114289, 610784148207899, 610784166217047, 610784166222454, 610784166385063, 8191
610784172184072, 610784556173745, 610784556196893, 610784556198838, 610784556321503, 610784566651645, 610784566656330, 610784566780125, 8192
610784591125424, 610784960980202, 610784960999313, 610784961001276, 610784961140959, 610784975089301, 610784975094616, 610784975252929, 8191
610784976774190, 610785372128253, 610785372147216, 610785372149216, 610785372281881, 610785390267252, 610785390272937, 610785390536934, 8192
610785392794982, 610785780135099, 610785780146284, 610785780148118, 610785780238246, 610785794269106, 610785794273828, 610785794410012, 8191
610785795219614, 610786187225937, 610786187325066, 610786187326751, 610786187413213, 610786190720546, 610786190722324, 610786190896544, 8192
610786191214040, 610786597371389, 610786597377870, 610786597378611, 610786597461666, 610786600774091, 610786600775776, 610786600940700, 8191
610786601238327, 610787006378353, 610787006478612, 610787006480038, 610787006559222, 610787009887184, 610787009888777, 610787010023683, 8192
610787010274958, 610787416518101, 610787416525361, 610787416526490, 610787416604026, 610787419892822, 610787419894397, 610787420103672, 8191
610787425082560, 610787826081652, 610787826088522, 610787826089374, 610787826156225, 610787829469818, 610787829471225, 610787829623057, 8192
610787829897220, 610788235054006, 610788235158597, 610788235159820, 610788235260911, 610788238588244, 610788238589892, 610788238891185, 8191
610788239165274, 610788645345159, 610788645457029, 610788645457936, 610788645546046, 610788648858435, 610788648860101, 610788649031247, 8192
610788649277819, 610789060095559, 610789060115948, 610789060118225, 610789060239168, 610789070170371, 610789070174815, 610789070584311, 8191
610789071178341, 610789464940219, 610789465180308, 610789465182382, 610789465339788, 610789477350319, 610789477354948, 610789477475540, 8192
610789482752239, 610789873549058, 610789873803240, 610789873805277, 610789873957701, 610789886046416, 610789886051250, 610789886186193, 8191
610789886827519, 610790285045550, 610790285056679, 610790285058568, 610790285146530, 610790295587597, 610790295592060, 610790295716114, 8192
610790299981177, 610790692642659, 610790692883786, 610790692885805, 610790693026563, 610790705045593, 610790705050482, 610790705161185, 8191
610790705736400, 610791104176392, 610791104187040, 610791104188947, 610791104274557, 610791114258666, 610791114263351, 610791114633866, 8192
610791115217618, 610791513741998, 610791513753405, 610791513755201, 610791513848385, 610791523821236, 610791523825976, 610791524206879, 8191
610791524778965, 610791928080217, 610791928091827, 610791928093716, 610791928181178, 610791938094048, 610791938098455, 610791938529580, 8192
610791939113277, 610792330821659, 610792330924010, 610792330925139, 610792331012916, 610792334321027, 610792334322805, 610792334478840, 8191
610792334724467, 610792740388395, 610792740409783, 610792740411043, 610792740563208, 610792743855430, 610792743857170, 610792744042168, 8192
610792744896122, 610793149941538, 610793150045111, 610793150046111, 610793150133443, 610793153441999, 610793153443795, 610793153607719, 8191
610793153850568, 610793559508829, 610793559626624, 610793559627384, 610793559711253, 610793563014623, 610793563016419, 610793563185621, 8192
610793563421952, 610793969296507, 610793969545819, 610793969547708, 610793969725502, 610793979667075, 610793979671353, 610793980107681, 8191
610793980691156, 610794381022033, 610794381096440, 610794381098551, 610794381381140, 610794391305657, 610794391310602, 610794391759412, 8192
610794392474366, 610794788478830, 610794788735123, 610794788737105, 610794788892844, 610794798816472, 610794798821046, 610794814524572, 8191
610794815129398, 610795200086913, 610795200352743, 610795200354761, 610795200510408, 610795210417370, 610795210422240, 610795210904327, 8192
610795211504228, 610795607612357, 610795607849187, 610795607851132, 610795608148110, 610795618089331, 610795618093571, 610795618498474, 8191
610795619062357, 610796019202958, 610796019456159, 610796019458492, 610796019594824, 610796029510860, 610796029515749, 610796029975151, 8192
610796030528867, 610796426759605, 610796426823160, 610796426825308, 610796427130768, 610796437047563, 610796437052600, 610796437499114, 8191
610796438059941, 610796844325065, 610796844342047, 610796844343787, 610796844477730, 610796854379303, 610796854383748, 610796854849113, 8192
610796855418181, 610797250461469, 610797250481580, 610797250483488, 610797250613894, 610797254881530, 610797254883345, 610797255042084, 8191
610797255291341, 610797656010362, 610797656022713, 610797656023769, 610797656099564, 610797659391527, 610797659393212, 610797659560618, 8192
610797659817133, 610798065577079, 610798065586116, 610798065587078, 610798065658892, 610798068983707, 610798068985503, 610798069142890, 8191
610798069525293, 610798475152703, 610798475164184, 610798475164851, 610798475235535, 610798478543702, 610798478545313, 610798478718607, 8192
610798478976937, 610798884721513, 610798884733235, 610798884733864, 610798884803197, 610798888125770, 610798888127752, 610798888281731, 8191
610798888535525, 610799295862508, 610799295881656, 610799295883508, 610799296040099, 610799305943431, 610799305948264, 610799306808329, 8192
610799307391878, 610799706684711, 610799706704118, 610799706705951, 610799706826580, 610799716785263, 610799716789522, 610799717233017, 8191
610799717800955, 610800112894262, 610800113133593, 610800113135704, 610800113273869, 610800123181109, 610800123185738, 610800125786616, 8192
610800126359536, 610800524605621, 610800524623677, 610800524625603, 610800524752583, 610800534650619, 610800534655397, 610800535125391, 8191
610800535682348, 610800932048418, 610800932137880, 610800932140010, 610800932459469, 610800942361264, 610800942365431, 610800944922476, 8192
610800945503655, 610801343821703, 610801343840091, 610801343842017, 610801343973553, 610801353922496, 610801353927144, 610801355289499, 8191
610801355874140, 610801751184130, 610801751420868, 610801751422738, 610801751562940, 610801761480791, 610801761485439, 610801762039007, 8192
610801762608704, 610802162755509, 610802162997766, 610802162999673, 610802163148319, 610802173062578, 610802173067078, 610802173994882, 8191
610802174546524, 610802570179898, 610802570295619, 610802570296527, 610802570387655, 610802573704155, 610802573705599, 610802573865894, 8192
610802574103891, 610802980427367, 610802980537384, 610802980538440, 610802980630031, 610802983922031, 610802983923679, 610802984110473, 8191
610802984355878, 610803390013935, 610803390119193, 610803390120008, 610803390219489, 610803393531562, 610803393533044, 610803393689320, 8192
610803393941391, 610803799544708, 610803799662318, 610803799663318, 610803799751854, 610803803057761, 610803803059168, 610803803229259, 8191
610803803476108, 610804210660926, 610804210729036, 610804210731018, 610804211043774, 610804220964291, 610804220968087, 610804221535377, 8192
610804222096074, 610804618222258, 610804618287220, 610804618289683, 610804618564847, 610804628480475, 610804628485142, 610804628925989, 8191
610804629494594, 610805029867248, 610805029930691, 610805029932747, 610805030226410, 610805040160020, 610805040164853, 610805040615348, 8192
610805041164546, 610805442371783, 610805442629002, 610805442630873, 610805442782982, 610805452698777, 610805452703648, 610805453180346, 8191
610805453738525, 610805846933723, 610805847012130, 610805847014222, 610805847317997, 610805857236403, 610805857241107, 610805857731620, 8192
610805858313854, 610806258513584, 610806258581379, 610806258583342, 610806258904691, 610806268865708, 610806268869985, 610806269406961, 8191
610806270249192, 610806668144096, 610806668262854, 610806668264743, 610806668559888, 610806678466220, 610806678470683, 610806678944233, 8192
610806679481727, 610807075641059, 610807075888926, 610807075890982, 610807076068276, 610807086028052, 610807086033182, 610807086427714, 8191
610807087008837, 610807485772454, 610807485884397, 610807485885601, 610807485974656, 610807489281600, 610807489283415, 610807489454801, 8192
610807489709428, 610807894655549, 610807894767140, 610807894768289, 610807894860547, 610807898166695, 610807898168491, 610807898339748, 8191
610807898585171, 610808304882110, 610808304983498, 610808304984461, 610808305085812, 610808308391756, 610808308393570, 610808308632271, 8192
610808308908620, 610808714482364, 610808714581677, 610808714582585, 610808714674713, 610808717984305, 610808717985879, 610808718156229, 8191
610808718413078, 610809125625766, 610809125864875, 610809125866893, 610809126009373, 610809135915113, 610809135920039, 610809136394866, 8192
610809136934434, 610809533122136, 610809533356300, 610809533358392, 610809533502224, 610809543408723, 610809543413056, 610809544382657, 8191
610809545020835, 610809944728904, 610809944992864, 610809944994567, 610809945151232, 610809955094546, 610809955098842, 610809955523837, 8192
610809956107886, 610810352299421, 610810352360624, 610810352362438, 610810352710749, 610810362618470, 610810362622804, 610810363116224, 8191
610810363707180, 610810763860318, 610810763918299, 610810763920133, 610810764252981, 610810774163776, 610810774168646, 610810774626493, 8192
610810775180801, 610811171442946, 610811171500446, 610811171502964, 610811171812516, 610811181733552, 610811181738219, 610811182194454, 8191
610811212482500, 610811583081436, 610811583144991, 610811583146898, 610811583431358, 610811593351764, 610811593356875, 610811593832536, 8192
610811594380215, 610811990564935, 610811990629898, 610811990631749, 610811990971986, 610812000932374, 610812000936670, 610812001344665, 8191
610812001925122, 610812400826403, 610812400833366, 610812400834144, 610812400929513, 610812404237865, 610812404239309, 610812404403770, 8192
610812404688934, 610812811802363, 610812811822252, 610812811824196, 610812811956843, 610812822658407, 610812822662740, 610812822774998, 8191
610812823348992, 610813219383695, 610813219626470, 610813219628859, 610813219775320, 610813229690708, 610813229695411, 610813232267216, 8192
610813232839765, 610813628923652, 610813629169779, 610813629171835, 610813629310555, 610813639251350, 610813639255739, 610813641877006, 8191
610813642624683, 610814040569753, 610814040590104, 610814040591938, 610814040705788, 610814050602454, 610814050607213, 610814051191188, 8192
610814051751126, 610814448575487, 610814448642690, 610814448644560, 610814449012371, 610814458978666, 610814458984036, 610814461480119, 8191
610814462054872, 610814859723389, 610814859744537, 610814859746352, 610814859874184, 610814869797146, 610814869801979, 610814870294455, 8192
610814870886096, 610815267194778, 610815267447756, 610815267449867, 610815267589514, 610815277499180, 610815277504050, 610815280050929, 8191
610815280623829, 610815678812990, 610815678833989, 610815678835711, 610815678950562, 610815688871728, 610815688876376, 610815689338704, 8192
610815689873994, 610816086853038, 610816086866945, 610816086867649, 610816086942389, 610816090250277, 610816090252092, 610816090608125, 8191
610816090873030, 610816495770077, 610816495870020, 610816495871094, 610816495971056, 610816499271445, 610816499272870, 610816499602626, 8192
610816499856512, 610816905275701, 610816905390996, 610816905392052, 610816905477792, 610816908801606, 610816908803291, 610816908972178, 8191
610816909246730, 610817315580021, 610817315690779, 610817315692334, 610817315786314, 610817319092129, 610817319093684, 610817319264534, 8192
610817319509143, 610817724450763, 610817724560244, 610817724561207, 610817724648928, 610817727959298, 610817727960724, 610817728136999, 8191
610817728967860, 610818134760268, 61081813485