Inicio, Continuar, Recep_Num_Muestras, Ampliacion_Array, Recepcion, Convolucion, Historial, Devolucion, Num_Muestras
613002024666453, 613002879835330, 613002879846200, 613002879878385, 613002880905152, 613002895411941, 613002895417052, 613002907622996, 8192
613002910556780, 613003703591153, 613003703648801, 613003703651153, 613003728614201, 613003739247366, 613003739253384, 613003768589719, 8191
613003776636744, 613004518034817, 613004518074742, 613004518077039, 613004518535497, 613004528805609, 613004528810109, 613004531080826, 8192
613004531480044, 613005343686286, 613005343733675, 613005343735823, 613005344115837, 613005352470100, 613005352471563, 613005353333239, 8191
613005355816250, 613006155757364, 613006155773030, 613006155774049, 613006156403468, 613006159790413, 613006159791821, 613006159984911, 8192
613006160199446, 613006977201730, 613006977242026, 613006977244082, 613006979101154, 613006989357156, 613006989361526, 613006989867391, 8191
613006990496311, 613007794202403, 613007794246736, 613007794248773, 613007794610676, 613007804842049, 613007804846419, 613007807081877, 8192
613007807523650, 613008613292665, 613008613331849, 613008613334257, 613008613670327, 613008623904700, 613008623909274, 613008627407440, 8191
613008627843009, 613009432537443, 613009432577665, 613009432579757, 613009434415404, 613009444726091, 613009444730646, 613009445205604, 8192
613009445610322, 613010251421133, 613010251436021, 613010251437984, 613010252051644, 613010255451460, 613010255452904, 613010255653828, 8191
613010255774623, 613011070770336, 613011070813872, 613011070816168, 613011072716926, 613011082940261, 613011082944557, 613011083354812, 8192
613011083612050, 613011889892578, 613011889935633, 613011889938133, 613011890295740, 613011900545520, 613011900549742, 613011902727515, 8191
613011902980846, 613012709094819, 613012709138948, 613012709141263, 613012709500667, 613012719736576, 613012719740872, 613012721952941, 8192
613012722224883, 613013528300264, 613013528338875, 613013528341264, 613013528686038, 613013538888522, 613013538892818, 613013541117479, 8191
613013541395532, 613014347218990, 613014347232953, 613014347233749, 613014347834409, 613014351245540, 613014351246966, 613014351438019, 8192
613014351561092, 613015166474120, 613015166517471, 613015166519471, 613015168416173, 613015178637675, 613015178641971, 613015179048097, 8191
613015179295798, 613015985670824, 613015985714675, 613015985716842, 613015986071893, 613015996319192, 613015996323562, 613015996758946, 8192
613015997035351, 613016804717992, 613016807297409, 613016807299446, 613016807648202, 613016817916296, 613016817920685, 613016818351421, 8191
613016818616918, 613017623987455, 613017624057380, 613017624059769, 613017624478690, 613017634700063, 613017634704266, 613017635113095, 8192
613017635369389, 613018443591302, 613018443606302, 613018443608432, 613018443798837, 613018447244893, 613018447246467, 613018447439483, 8191
613018447562038, 613019264376989, 613019264421026, 613019264423044, 613019264779651, 613019275007357, 613019275011709, 613019275418705, 8192
613019275671998, 613020081379457, 613020081422345, 613020081424438, 613020081768434, 613020092013121, 613020092017640, 613020092568875, 8191
613020092820520, 613020900623845, 613020900669400, 613020900671808, 613020901021378, 613020911280065, 613020911284694, 613020911721616, 8192
613020911978835, 613021721699214, 613021721748361, 613021721750658, 613021722106024, 613021732351841, 613021732356156, 613021732773170, 8191
613021733025760, 613022538730311, 613022538745329, 613022538747218, 613022538931327, 613022542344716, 613022542346179, 613022542534048, 8192
613022542650602, 613023357783034, 613023357797349, 613023357798126, 613023357990013, 613023361395255, 613023361396718, 613023361600271, 8191
613023361729029, 613024179283268, 613024179328286, 613024179330657, 613024179675357, 613024189920766, 613024189925284, 613024190335058, 8192
613024190610444, 613024996333068, 613024996375827, 613024996377920, 613025000193823, 613025010423196, 613025010427510, 613025011170206, 8191
613025011434537, 613025816383410, 613025816426151, 613025816428651, 613025816772610, 613025826994964, 613025826999297, 613025829440067, 8192
613025831481657, 613026636310809, 613026636348420, 613026636350494, 613026638278899, 613026648526197, 613026648530512, 613026648943971, 8191
613026649190542, 613027453603810, 613027453619032, 613027453620958, 613027453794716, 613027457204901, 613027457206383, 613027458003837, 8192
613027458128373, 613028272943252, 613028272981567, 613028272983678, 613028274798788, 613028285053715, 613028285058104, 613028285481470, 8191
613028285722338, 613029092104881, 613029092182880, 613029092185065, 613029092542691, 613029102778952, 613029102783267, 613029104945281, 8192
613029105365221, 613029911182159, 613029911220399, 613029911222418, 613029913141509, 613029923355048, 613029923359362, 613029923780006, 8191
613029924069003, 613030730389991, 613030730434009, 613030730436083, 613030730789413, 613030741027859, 613030741032174, 613030743203503, 8192
613030743460296, 613031549327511, 613031549341881, 613031549343048, 613031549527231, 613031552937084, 613031552938528, 613031553753038, 8191
613031553877240, 613032368674101, 613032368711804, 613032368714100, 613032370581154, 613032380830767, 613032380835212, 613032381239596, 8192
613032381491501, 613033187776878, 613033187821063, 613033187823470, 613033188208577, 613033198436172, 613033198440653, 613033200636926, 8191
613033202193502, 613034007012080, 613034007056394, 613034007058746, 613034008960818, 613034019185339, 613034019189709, 613034020713341, 8192
613034020968283, 613034826127616, 613034826164171, 613034826166505, 613034828085280, 613034838291505, 613034838295838, 613034838702093, 8191
613034838946498, 613035645098783, 613035645113857, 613035645115394, 613035645292800, 613035648702375, 613035648703838, 613035649507884, 8192
613035649630235, 613036464205468, 613036464219931, 613036464221060, 613036464828554, 613036468244665, 613036468246128, 613036468442589, 8191
613036468560977, 613037284160606, 613037284174958, 613037284176587, 613037284354808, 613037287754753, 613037287756216, 613037287930029, 8192
613037288172989, 613038103183939, 613038103199217, 613038103201032, 613038103390400, 613038106979010, 613038106980658, 613038107184100, 8191
613038107313136, 613038921711981, 613038921727000, 613038921728000, 613038921913183, 613038925319795, 613038925321202, 613038925525459, 8192
613038925648143, 613039740778240, 613039740793573, 613039740795258, 613039740979571, 613039744392646, 613039744394090, 613039744607014, 8191
613039744932751, 613040560731952, 613040560747970, 613040560750063, 613040560933986, 613040564350209, 613040564351802, 613040564547781, 8192
613040564666502, 613041379794025, 613041379810839, 613041379812450, 613041379999300, 613041383402801, 613041383404283, 613041383599688, 8191
613041383712705, 613042198978448, 613042198995022, 613042198997170, 613042199182817, 613042202595632, 613042202597113, 613042202928073, 8192
613042203045294, 613043017404899, 613043017420972, 613043017423232, 613043017604582, 613043021017879, 613043021019378, 613043021222432, 8191
613043021346097, 613043837304481, 613043837319814, 613043837322351, 613043837512331, 613043840926535, 613043840928091, 613043841120088, 8192
613043841237921, 613044656415627, 613044656430701, 613044656432609, 613044656617625, 613044660042181, 613044660043570, 613044660235790, 8191
613044660351511, 613045474895873, 613045474910484, 613045474912428, 613045475094149, 613045478506612, 613045478508464, 613045478925330, 8192
613045479049718, 613046293990593, 613046294006908, 613046294009112, 613046294191999, 613046297603629, 613046297605092, 613046297794238, 8191
613046297909255, 613047113178165, 613047113193276, 613047113195405, 613047113378477, 613047116785052, 613047116786497, 613047116991198, 8192
613047117115326, 613047933044469, 613047933060580, 613047933062969, 613047933259189, 613047936674894, 613047936676338, 613047936868095, 8191
613047936988224, 613048753764691, 613048753803524, 613048753805857, 613048754148001, 613048764392318, 613048764396540, 613048764851665, 8192
613048766504295, 613049570842803, 613049570883321, 613049570885710, 613049571261706, 613049581485041, 613049581489374, 613049581998776, 8191
613049585757495, 613050396238141, 613050396248159, 613050396250511, 613050396460731, 613050410754356, 613050410759134, 613050411203796, 8192
613050411505589, 613051209031594, 613051209070613, 613051209072946, 613051209413646, 613051219670166, 613051219674592, 613051220108532, 8191
613051220360770, 613052028821992, 613052028837473, 613052028839344, 613052029035619, 613052032490675, 613052032492101, 613052032734673, 8192
613052034005011, 613052847879805, 613052847895471, 613052847897064, 613052848099414, 613052851498840, 613052851500266, 613052851692857, 8191
613052851811467, 613053666390049, 613053666404919, 613053666406493, 613053666596417, 613053670006140, 613053670007566, 613053670199601, 8192
613053670315211, 613054486152428, 613054486166336, 613054486167299, 613054486361796, 613054489773760, 613054489775186, 613054489964036, 8191
613054490083405, 613055307025666, 613055307071610, 613055307074184, 613055307439106, 613055317697422, 613055317701922, 613055318118103, 8192
613055318356415, 613056126039479, 613056126084423, 613056126086478, 613056126451085, 613056136690365, 613056136694717, 613056137102546, 8191
613056137404061, 613056943142886, 613056943186330, 613056943188497, 613056943528623, 613056953776458, 613056953780680, 613056954196694, 8192
613056954457043, 613057766339524, 613057766378431, 613057766380820, 613057766745390, 613057776975818, 613057776980133, 613057777398314, 8191
613057777646293, 613058581307028, 613058581322047, 613058581323639, 613058581513767, 613058584927027, 613058584928453, 613058585131080, 8192
613058585262727, 613059401078388, 613059401091647, 613059401092444, 613059401283997, 613059404689368, 613059404691165, 613059404894366, 8191
613059405016698, 613060220280273, 613060220294217, 613060220296050, 613060220498215, 613060223898049, 613060223899512, 613060224102880, 8192
613060224218305, 613061038686925, 613061038701091, 613061038701888, 613061038897626, 613061042304775, 613061042306220, 613061042488699, 8191
613061042603698, 613061860055564, 613061860123396, 613061860125693, 613061860469356, 613061870676525, 613061870680839, 613061871111501, 8192
613061871374258, 613062679240596, 613062679278448, 613062679280892, 613062679633389, 613062689868946, 613062689873261, 613062690292367, 8191
613062690538772, 613063496330466, 613063496378725, 613063496380743, 613063496745591, 613063506979686, 613063506984278, 613063507446755, 8192
613063507724826, 613064315450832, 613064315498017, 613064315500276, 613064317428330, 613064327629314, 613064327633610, 613064328051605, 8191
613064328485027, 613065134486792, 613065134501922, 613065134503866, 613065134687401, 613065138098920, 613065138100513, 613065138298122, 8192
613065138414936, 613065953592307, 613065953606955, 613065953608733, 613065954226874, 613065957639819, 613065957641264, 613065957839428, 8191
613065957967297, 613066772784172, 613066772798191, 613066772798950, 613066773431573, 613066776847221, 613066776848703, 613066777043312, 8192
613066777208866, 613067592070240, 613067592123147, 613067592125480, 613067592474421, 613067602710015, 613067602714238, 613067605047657, 8191
613067605312858, 613068411224328, 613068411266272, 613068411268402, 613068413230621, 613068423436698, 613068423441086, 613068423866397, 8192
613068424138949, 613069230316768, 613069230359546, 613069230361601, 613069230704338, 613069240941859, 613069240946155, 613069243185742, 8191
613069243441887, 613070049535744, 613070049573651, 613070049576058, 613070049921147, 613070060160205, 613070060164557, 613070062380311, 8192
613070062646289, 613070868484871, 613070868498852, 613070868500204, 613070869421046, 613070872820102, 613070872821528, 613070873070415, 8191
613070873194135, 613071687673254, 613071687687050, 613071687687828, 613071687876011, 613071691285179, 613071691286642, 613071691482269, 8192
613071691602601, 613072506780750, 613072506794212, 613072506794990, 613072506981710, 613072510389211, 613072510390656, 613072510574617, 8191
613072510691171, 613073332393324, 61307333240