Inicio, Continuar, Recep_Num_Muestras, Ampliacion_Array, Recepcion, Convolucion, Historial, Devolucion, Num_Muestras
608053187394545, 608054584619205, 608054584634704, 608054584666537, 608054585383288, 608054597525312, 608054597530219, 608054598549874, 8192
608054599076016, 608055945750252, 608055945789844, 608055945792159, 608055947908301, 608055958135051, 608055958139384, 608055958588601, 8191
608055959008763, 608057312495381, 608057312536158, 608057312538158, 608057312993116, 608057323210959, 608057323215681, 608057325436673, 8192
608057325864002, 608058676120769, 608058676136065, 608058676137751, 608058676314323, 608058679698172, 608058679699598, 608058679873336, 8191
608058680815140, 608060042137907, 608060042153333, 608060042155425, 608060042344868, 608060045761661, 608060045763105, 608060045946733, 8192
608060046144397, 608061406726506, 608061406767043, 608061406769561, 608061407124538, 608061417368103, 608061417372399, 608061417788135, 8191
608061418213130, 608062774210312, 608062774251663, 608062774253700, 608062774599752, 608062784800798, 608062784805113, 608062785199719, 8192
608062785616918, 608064137295391, 608064137337168, 608064137339483, 608064137680090, 608064147905766, 608064147910155, 608064148363613, 8191
608064148798460, 608065503132494, 608065503148049, 608065503149605, 608065503331362, 608065506734063, 608065506735507, 608065506925283, 8192
608065507109317, 608066867603390, 608066867619020, 608066867621020, 608066867792369, 608066871206774, 608066871208200, 608066871390772, 8191
608066871510585, 608068233069793, 608068233109978, 608068233112293, 608068233461826, 608068243713316, 608068243717964, 608068244171941, 8192
608068244438363, 608069606446289, 608069606492177, 608069606494621, 608069606848969, 608069617113089, 608069617117256, 608069618765662, 8191
608069619056863, 608070964398539, 608070964438706, 608070964441076, 608070964794201, 608070975036766, 608070975041025, 608070977151315, 8192
608070977402201, 608072328607142, 608072328622624, 608072328623809, 608072329254524, 608072332659335, 608072332660798, 608072332858629, 8191
608072332990220, 608073698388106, 608073698434587, 608073698436920, 608073698813416, 608073709305292, 608073709310051, 608073709812212, 8192
608073710110320, 608075064236949, 608075064247800, 608075064250097, 608075064453576, 608075074655141, 608075074659567, 608075075072932, 8191
608075075340318, 608076424413340, 608076424428839, 608076424430784, 608076424614300, 608076428021612, 608076428023186, 608076428921305, 8192
608076429052415, 608077791755387, 608077791795368, 608077791797757, 608077792189326, 608077802375725, 608077802380040, 608077802806701, 8191
608077803328547, 608079157117772, 608079157158772, 608079157161272, 608079157508860, 608079167711481, 608079167715870, 608079168150291, 8192
608079168407455, 608080520121723, 608080520136167, 608080520137760, 608080524759483, 608080528152073, 608080528153480, 608080528356978, 8191
608080528488050, 608081886087119, 608081886101675, 608081886103082, 608081886296450, 608081889707521, 608081889708929, 608081889894927, 8192
608081890021055, 608083252770878, 608083252815322, 608083252817896, 608083253166392, 608083263410697, 608083263415012, 608083263829581, 8191
608083264111893, 608084616234138, 608084616279748, 608084616282156, 608084616654929, 608084626884975, 608084626889364, 608084629122227, 8192
608084629378742, 608085981109510, 608085981124547, 608085981126454, 608085981724466, 608085985129963, 608085985131370, 608085985329016, 8191
608085985453663, 608087346489062, 608087346508154, 608087346509635, 608087347067703, 608087350466459, 608087350467885, 608087350660309, 8192
608087350788455, 608088711801040, 608088711841151, 608088711843188, 608088713737443, 608088723936990, 608088723941286, 608088724395595, 8191
608088724652426, 608090077179203, 608090077219258, 608090077221554, 608090077580679, 608090087822170, 608090087826781, 608090090070181, 8192
608090090335381, 608091442092574, 608091442107722, 608091442109389, 608091442287720, 608091445690013, 608091445691439, 608091446516763, 8191
608091446636095, 608092807458533, 608092807474200, 608092807476181, 608092808073859, 608092811475079, 608092811476486, 608092811666910, 8192
608092811926555, 608094176404283, 608094176443153, 608094176445264, 608094180247368, 608094190431415, 608094190435785, 608094190862539, 8191
608094191238461, 608095538135711, 608095538174914, 608095538176933, 608095544253343, 608095554448815, 608095554453075, 608095554890310, 8192
608095555153233, 608096903216340, 608096903258321, 608096903260765, 608096903599983, 608096913817919, 608096913822234, 608096914253136, 8191
608096914505429, 608098269089459, 608098269105070, 608098269106422, 608098269297994, 608098272705657, 608098272707120, 608098272894100, 8192
608098273016117, 608099633656020, 608099633671872, 608099633674112, 608099636147268, 608099639531673, 608099639533099, 608099639742393, 8191
608099640192536, 608100999125718, 608100999165125, 608100999167570, 608101004258713, 608101014452130, 608101014456630, 608101014902181, 8192
608101015168955, 608102364331438, 608102364376660, 608102364379067, 608102364717674, 608102374922721, 608102374927110, 608102377025140, 8191
608102377264193, 608103729432900, 608103729448177, 608103729449973, 608103730095836, 608103733511944, 608103733513370, 608103733699109, 8192
608103733826829, 608105094597731, 608105094613638, 608105094615564, 608105095265204, 608105098666535, 608105098667979, 608105098858792, 8191
608105099110622, 608106460160483, 608106460206038, 608106460208464, 608106462119849, 608106472335784, 608106472340210, 608106472759372, 8192
608106473012406, 608107825283130, 608107825328685, 608107825330981, 608107825674625, 608107835871338, 608107835875524, 608107838039739, 8191
608107838283236, 608109190625922, 608109190666588, 608109190669532, 608109191017491, 608109201273611, 608109201278537, 608109203391642, 8192
608109203647120, 608110555608755, 608110555624477, 608110555626329, 608110556289636, 608110559676040, 608110559677466, 608110559866723, 8191
608110559993055, 608111920943195, 608111920957676, 608111920959158, 608111921594187, 608111924994647, 608111924996073, 608111925187349, 8192
608111925308588, 608113286295987, 608113286339282, 608113286341579, 608113288307315, 608113298529954, 608113298534324, 608113298963893, 8191
608113299210631, 608114651628001, 608114651667074, 608114651669482, 608114652030440, 608114662209654, 608114662213932, 608114664366443, 8192
608114664614163, 608116016616500, 608116016631482, 608116016633296, 608116017272122, 608116020675471, 608116020676915, 608116020874728, 8191
608116020992578, 608117381969051, 608117381984051, 608117381985199, 608117382613710, 608117386013874, 608117386015337, 608117386207001, 8192
608117386375444, 608118747298084, 608118747341750, 608118747344083, 608118749297819, 608118759515977, 608118759520236, 608118759942398, 8191
608118760221320, 608120112657542, 608120112703615, 608120112706004, 608120113041926, 608120123246065, 608120123250343, 608120125368929, 8192
608120125624889, 608121477598004, 608121477612523, 608121477614060, 608121478259052, 608121481675031, 608121481676475, 608121481866121, 8191
608121481981990, 608122842932611, 608122842948000, 608122842950277, 608122843133683, 608122846535587, 608122846536976, 608122846733436, 8192
608122846854676, 608124210364229, 608124210403599, 608124210406155, 608124210771002, 608124221024882, 608124221029345, 608124221446895, 8191
608124221708744, 608125573629323, 608125573674100, 608125573676526, 608125574037133, 608125584276568, 608125584280790, 608125584698230, 8192
608125584955393, 608126938806987, 608126938847468, 608126938849931, 608126939186890, 608126949396899, 608126949401362, 608126949809246, 8191
608126950058299, 608128304770548, 608128304786159, 608128304788678, 608128304987083, 608128308392172, 608128308393635, 608128308579522, 8192
608128308693743, 608129669824880, 608129669840824, 608129669842861, 608129670022396, 608129673421282, 608129673422689, 608129673601354, 8191
608129673721279, 608131036378120, 608131036417842, 608131036420582, 608131036793522, 608131046985402, 608131046989754, 608131047410731, 8192
608131047668672, 608132399748230, 608132399789637, 608132399792045, 608132400158503, 608132410361328, 608132410365624, 608132410777286, 8191
608132411241280, 608133764908579, 608133764924690, 608133764926727, 608133765110799, 608133768513166, 608133768514574, 608133768709108, 8192
608133768924624, 608135130788901, 608135130804604, 608135130806549, 608135130992287, 608135134391155, 608135134392618, 608135134576023, 8191
608135134692633, 608136495575791, 608136495621253, 608136495623383, 608136495975416, 608136506197703, 608136506202055, 608136506646049, 8192
608136506909787, 608137860794342, 608137860838046, 608137860840638, 608137861205208, 608137871415236, 608137871419736, 608137871847786, 8191
608137872127987, 608139227581931, 608139227628301, 608139227630671, 608139227969964, 608139238194436, 608139238198880, 608139238610042, 8192
608139238864780, 608140591790383, 608140591806439, 608140591807828, 608140591986788, 608140595394378, 608140595395804, 608140595809799, 8191
608140595935668, 608141956408590, 608141956424571, 608141956426682, 608141956608106, 608141959992326, 608141959993714, 608141960217267, 8192
608141960974203, 608143321738362, 608143321782825, 608143321785121, 608143322149209, 608143332353941, 608143332358219, 608143332789454, 8191
608143333091932, 608144689186535, 608144689230961, 608144689233350, 608144689593586, 608144699790948, 608144699795188, 608144700240442, 8192
608144700498365, 608146052121391, 608146052135262, 608146052136595, 608146052320037, 608146055750627, 608146055752145, 608146055930161, 8191
608146056789429, 608147418150026, 608147418165377, 608147418166507, 608147418383579, 608147421785150, 608147421786594, 608147421982073, 8192
608147422101294, 608148782741047, 608148782780713, 608148782783010, 608148783117617, 608148793372293, 608148793376496, 608148793806473, 8191
608148794057081, 608150150305145, 608150150351033, 608150150353404, 608150150697770, 608150160915390, 608150160919687, 608150161334645, 8192
608150161590216, 608151513295815, 608151513336425, 608151513338740, 608151513704921, 608151523918134, 608151523922356, 608151524366888, 8191
608151524624867, 608152879163469, 608152879179043, 608152879181025, 608152879380411, 608152882780982, 608152882782390, 608152882971517, 8192
608152883085293, 608154243596955, 608154243611937, 608154243613770, 608154243784046, 608154247180747, 608154247182172, 608154247363059, 8191
608154247476521, 608155609063040, 608155609104114, 608155609106410, 608155609437943, 608155619669101, 608155619673379, 608155620118929, 8192
608155620372907, 608156976335641, 608156976375307, 608156976378104, 608156976733803, 608156986923554, 608156986927794, 608156987351530, 8191
608156987810154, 608158339441809, 608158339457531, 608158339459717, 608158339638696, 608158343039026, 608158343040471, 608158343225543, 8192
608158343340208, 608159704650657, 608159704666786, 608159704668823, 608159704840951, 608159708244411, 608159708245818, 608159708443723, 8191
608159708926069, 608161070090705, 608161070136186, 608161070138723, 608161070490996, 608161080746802, 608161080751061, 608161081175889, 8192
608161081427794, 608162435320700, 608162435361403, 608162435363884, 608162435719473, 608162445928853, 608162445933167, 608162446363977, 8191
608162446625382, 608163800410955, 608163800426566, 608163800429085, 608163800602972, 608163803991487, 608163803992876, 608163804219614, 8192
608163805220843, 608165165571173, 608165165585951, 608165165587358, 608165165771653, 608165169174038, 608165169175483, 608165169377110, 8191
608165169502238, 608166533263602, 608166533309102, 608166533311546, 608166533677764, 608166543867515, 608166543871866, 608166544306713, 8192
608166544565766, 608167898381061, 608167898425635, 608167898428005, 608167898774871, 608167908983011, 608167908987233, 608167909407987, 8191
608167909666243, 608169261666153, 608169261708152, 608169261710560, 608169262065241, 608169272278398, 608169272282769, 608169272841651, 8192
608169273109926, 608170626599929, 608170626615484, 608170626616706, 608170626786890, 608170630188294, 608170630189683, 608170630369847, 8191
608170630478957, 608171991912756, 60817199193