Inicio, Continuar, Recep_Num_Muestras, Ampliacion_Array, Recepcion, Convolucion, Historial, Devolucion, Num_Muestras
608053190873337, 608054584650834, 608054584677797, 608054584746074, 608054585276123, 608054596186976, 608054596191976, 608054598179249, 8192
608054599095238, 608055945774233, 608055945802973, 608055945804918, 608055946070656, 608055956039094, 608055956043946, 608055958307604, 8191
608055959022411, 608057312521770, 608057312551158, 608057312553695, 608057312953635, 608057323027646, 608057323032813, 608057325187676, 8192
608057325878335, 608058676133417, 608058676148676, 608058676149639, 608058676298064, 608058679593358, 608058679595025, 608058679768486, 8191
608058680839769, 608060042147981, 608060042162388, 608060042163740, 608060042331664, 608060045643033, 608060045644755, 608060045835882, 8192
608060046147860, 608061406744654, 608061406781283, 608061406783228, 608061407092854, 608061417016015, 608061417020663, 608061417535101, 8191
608061418225649, 608062774231552, 608062774263033, 608062774264996, 608062774572826, 608062784498302, 608062784503079, 608062784969537, 8192
608062785627788, 608064137311909, 608064137349335, 608064137351687, 608064137649628, 608064147658066, 608064147662695, 608064148112857, 8191
608064148810719, 608065503142031, 608065503151160, 608065503152364, 608065503319418, 608065506634267, 608065506635934, 608065506810413, 8192
608065507113743, 608066867613260, 608066867624075, 608066867625038, 608066867791129, 608066871093108, 608066871094868, 608066871279421, 8191
608066871514029, 608068233090756, 608068233118422, 608068233120367, 608068233435474, 608068243365413, 608068243370376, 608068243897314, 8192
608068244451808, 608069606466714, 608069606505788, 608069606508418, 608069606816155, 608069616750908, 608069616755723, 608069618486943, 8191
608069619066733, 608070964421891, 608070964449557, 608070964451520, 608070964769072, 608070976795931, 608070976801134, 608070976902207, 8192
608070977414923, 608072329165914, 608072329172858, 608072329173562, 608072329243246, 608072332556077, 608072332557911, 608072332736705, 8191
608072332994128, 608073698411772, 608073698444920, 608073698446679, 608073698782583, 608073708734336, 608073708739410, 608073709496771, 8192
608073710125764, 608075064257708, 608075064282041, 608075064284133, 608075064426076, 608075074347274, 608075074352256, 608075074827287, 8191
608075075350188, 608076424422636, 608076424432895, 608076424434210, 608076424602411, 608076427896132, 608076427897910, 608076428802899, 8192
608076429055618, 608077791776294, 608077791809146, 608077791811090, 608077792163141, 608077802065469, 608077802070284, 608077802557093, 8191
608077803339917, 608079157136828, 608079157169920, 608079157172013, 608079157482750, 608079167509465, 608079167514317, 608079167884238, 8192
608079168421528, 608080524039232, 608080524045954, 608080524046639, 608080524093769, 608080527382415, 608080527384063, 608080528228090, 8191
608080528494791, 608081886095823, 608081886105730, 608081886106749, 608081886283950, 608081889603689, 608081889605300, 608081889780835, 8192
608081890023721, 608083252791378, 608083252824748, 608083252826692, 608083253141522, 608083263051387, 608083263056239, 608083263594492, 8191
608083264125819, 608084616257378, 608084616290544, 608084616292396, 608084616625689, 608084626538146, 608084626542998, 608084628875915, 8192
608084629386946, 608085981119973, 608085981136102, 608085981137176, 608085981272675, 608085984582117, 608085984583932, 608085985201721, 8191
608085985457348, 608087346498876, 608087346512506, 608087346513524, 608087346679393, 608087349986650, 608087349988446, 608087350541495, 8192
608087350791622, 608088711826243, 608088711853669, 608088711855706, 608088712166147, 608088722062271, 608088722067141, 608088724142580, 8191
608088724665277, 608090077202795, 608090077230146, 608090077232294, 608090077555902, 608090087465804, 608090087470674, 608090089815239, 8192
608090090347344, 608091442101796, 608091442111296, 608091442112500, 608091442275998, 608091445591403, 608091445592978, 608091446391468, 8191
608091446638558, 608092807470589, 608092807487125, 608092807488144, 608092807636587, 608092810956362, 608092810958159, 608092811550244, 8192
608092811926462, 608094180091462, 608094180106555, 608094180108499, 608094180219239, 608094190483803, 608094190489118, 608094190606172, 8191
608094191255720, 608095544081808, 608095544096733, 608095544098715, 608095544224250, 608095554389223, 608095554394372, 608095554637961, 8192
608095555171214, 608096903236284, 608096903270413, 608096903272154, 608096903570113, 608096913519978, 608096913524607, 608096913995232, 8191
608096914517633, 608098269098959, 608098269114366, 608098269115607, 608098269282142, 608098272596529, 608098272598436, 608098272782064, 8192
608098273020765, 608099636046066, 608099636055103, 608099636056325, 608099636130917, 608099639423211, 608099639424878, 608099639605135, 8191
608099640292979, 608101004084086, 608101004099160, 608101004101345, 608101004226788, 608101014257485, 608101014262114, 608101014635517, 8192
608101015183307, 608102364350715, 608102364389641, 608102364391493, 608102364697100, 608102376675089, 608102376680274, 608102376779977, 8191
608102377277063, 608103730001948, 608103730008652, 608103730009541, 608103730080281, 608103733392372, 608103733394260, 608103733583129, 8192
608103733830033, 608105095174761, 608105095181150, 608105095181835, 608105095253816, 608105098566814, 608105098568592, 608105098739904, 8191
608105099262287, 608106461945092, 608106461959147, 608106461961369, 608106462087016, 608106471997177, 608106472012807, 608106472514523, 8192
608106473026425, 608107825301926, 608107825337944, 608107825339722, 608107825649459, 608107837692687, 608107837697595, 608107837801168, 8191
608107838295717, 608109190648421, 608109190676754, 608109190678921, 608109190993640, 608109203031942, 608109203037016, 608109203137312, 8192
608109203661472, 608110556197100, 608110556203526, 608110556204859, 608110556274617, 608110559569727, 608110559571393, 608110559746262, 8191
608110559997796, 608111921507244, 608111921515151, 608111921515855, 608111921583187, 608111924896148, 608111924897852, 608111925067295, 8192
608111925311921, 608113288130761, 608113288144928, 608113288147020, 608113288271908, 608113298188587, 608113298193550, 608113298709470, 8191
608113299222872, 608114651649815, 608114651676871, 608114651679000, 608114651975386, 608114664000022, 608114664017207, 608114664119483, 8192
608114664630885, 608116017181086, 608116017187197, 608116017187901, 608116017257252, 608116020569232, 608116020571046, 608116020749526, 8191
608116020996375, 608117382513582, 608117382521063, 608117382521896, 608117382597173, 608117385905375, 608117385907283, 608117386084447, 8192
608117386378740, 608118749129266, 608118749142154, 608118749143969, 608118749269912, 608118759187888, 608118759192721, 608118759695956, 8191
608118760234191, 608120112682078, 608120112714504, 608120112716282, 608120113014371, 608120125010730, 608120125015470, 608120125122488, 8192
608120125639481, 608121478169220, 608121478176312, 608121478176961, 608121478247275, 608121481555791, 608121481557643, 608121481745067, 8191
608121481985138, 608122842941277, 608122842952185, 608122842953759, 608122843122164, 608122846453829, 608122846455606, 608122846609938, 8192
608122846857898, 608124210383766, 608124210415970, 608124210417933, 608124210741836, 608124220665497, 608124220670479, 608124221202398, 8191
608124221719744, 608125573649452, 608125573687341, 608125573689137, 608125574006763, 608125583941146, 608125583946072, 608125584453955, 8192
608125584969523, 608126938826709, 608126938859579, 608126938861467, 608126939160890, 608126949081829, 608126949086736, 608126949576490, 8191
608126950069780, 608128304779733, 608128304791233, 608128304792511, 608128304973416, 608128308288877, 608128308290655, 608128308465468, 8192
608128308696187, 608129669833065, 608129669844398, 608129669845565, 608129670012785, 608129673323802, 608129673325394, 608129673496170, 8191
608129673724501, 608131036396971, 608131036429286, 608131036431452, 608131036757634, 608131046702369, 608131046707313, 608131047166678, 8192
608131047681505, 608132399772193, 608132399798822, 608132399801230, 608132400133318, 608132410040998, 608132410045961, 608132410532955, 8191
608132411560869, 608133764919042, 608133764937134, 608133764938301, 608133765096595, 608133768408556, 608133768410316, 608133768585610, 8192
608133768927865, 608135130798549, 608135130809419, 608135130810419, 608135130979547, 608135134288452, 608135134290267, 608135134462580, 8191
608135134695410, 608136495597494, 608136495634623, 608136495636846, 608136495942768, 608136505864836, 608136505869781, 608136506383460, 8192
608136506921417, 608137860817953, 608137860851138, 608137860852749, 608137861180116, 608137871086684, 608137871091536, 608137871599586, 8191
608137872140376, 608139227598986, 608139227636523, 608139227638356, 608139227943649, 608139237862903, 608139237867199, 608139238370434, 8192
608139238874872, 608140591800050, 608140591810531, 608140591811383, 608140591975474, 608140595279768, 608140595281713, 608140595699634, 8191
608140595939575, 608141956415682, 608141956428830, 608141956430127, 608141956597606, 608141959888790, 608141959890475, 608141960084306, 8192
608141960978666, 608143321755362, 608143321791862, 608143321793584, 608143322118932, 608143332073167, 608143332078185, 608143332536939, 8191
608143333103117, 608144689203554, 608144689240609, 608144689242405, 608144689564457, 608144699468729, 608144699473266, 608144699970316, 8192
608144700509736, 608146052130151, 608146052138576, 608146052139613, 608146052306797, 608146055602499, 608146055604184, 608146055823663, 8191
608146056793411, 608147418158248, 608147418170192, 608147418170785, 608147418366690, 608147421678206, 608147421679910, 608147421862186, 8192
608147422104164, 608148782761399, 608148782793602, 608148782795417, 608148783093450, 608148793007630, 608148793012500, 608148793549661, 8191
608148794066358, 608150150324608, 608150150360866, 608150150362737, 608150150670566, 608150160618394, 608150160622968, 608150161095481, 8192
608150161598808, 608151513315611, 608151513346425, 608151513348073, 608151513674884, 608151523597008, 608151523601619, 608151524115891, 8191
608151524632200, 608152879170765, 608152879183043, 608152879184506, 608152879362782, 608152882669558, 608152882671243, 608152882853259, 8192
608152883088479, 608154243606733, 608154243618362, 608154243619677, 608154243772213, 608154247076229, 608154247077988, 608154247250672, 8191
608154247478521, 608155609078799, 608155609115318, 608155609117003, 608155609410999, 608155619377326, 608155619381863, 608155619842969, 8192
608155620383278, 608156976356585, 608156976389289, 608156976391529, 608156976707748, 608156986611113, 608156986616057, 608156987108755, 8191
608156987823376, 608158339449013, 608158339462402, 608158339463661, 608158339627085, 608158342931491, 608158342933176, 608158343113044, 8192
608158343342782, 608159704658323, 608159704670008, 608159704670953, 608159704829377, 608159708135264, 608159708136838, 608159708319243, 8191
608159708928477, 608161070114816, 608161070146908, 608161070148723, 608161070464719, 608161080420417, 608161080425324, 608161080921688, 8192
608161081436997, 608162435341662, 608162435371532, 608162435373329, 608162435693473, 608162445606801, 608162445611393, 608162446104499, 8191
608162446638233, 608163800420141, 608163800430992, 608163800432326, 608163800592824, 608163803889526, 608163803891452, 608163804082264, 8192
608163805224029, 608165165579784, 608165165590210, 608165165591266, 608165165759042, 608165169070780, 608165169072447, 608165169251241, 8191
608165169506683, 608166533282250, 608166533320898, 608166533323694, 608166533646079, 608166543569888, 608166543574111, 608166544064197, 8192
608166544574914, 608167898400524, 608167898436468, 608167898438209, 608167898746464, 608167908666570, 608167908670959, 608167909159490, 8191
608167909678410, 608169261686616, 608169261720949, 608169261722689, 608169262033278, 608169271941699, 608169271946588, 608169272592339, 8192
608169273120629, 608170626608892, 608170626619614, 608170626620577, 608170626776890, 608170630082129, 608170630083943, 608170630258701, 8191
608170630482735, 608171991920645, 60817199193