Inicio, Continuar, Recep_Num_Muestras, Ampliacion_Array, Recepcion, Convolucion, Historial, Devolucion, Num_Muestras
613595803626479, 613596632027254, 613596632032421, 613596632047883, 613596632089216, 613596642373754, 613596642376106, 613596642570271, 8192
613596642801453, 613597450854410, 613597450867891, 613597450868854, 613597450952724, 613597460680341, 613597460682230, 613597460956061, 8191
613597463102760, 613598270024210, 613598270039339, 613598270040302, 613598270162375, 613598279886289, 613598279888160, 613598279973177, 8192
613598280138527, 613599089131603, 613599089149937, 613599089151011, 613599089247676, 613599098968905, 613599098970683, 613599099048997, 8191
613599099216217, 613599908321866, 613599908341718, 613599908342662, 613599908441069, 613599918843901, 613599918845772, 613599918921197, 8192
613599919103713, 613600727436185, 613600727452389, 613600727453389, 613600727547832, 613600737272135, 613600737274043, 613600737348820, 8191
613600737521614, 613601546640281, 613601546656429, 613601546657263, 613601546756224, 613601556483139, 613601556485027, 613601556562471, 8192
613601556737580, 613602365726119, 613602365740823, 613602365742119, 613602365838044, 613602375551106, 613602375552940, 613602375630198, 8191
613602375801400, 613603184928308, 613603184946215, 613603184947196, 613603185045880, 613603194765628, 613603194767461, 613603194842442, 8192
613603194997866, 613604004108866, 613604004126274, 613604004127329, 613604004223310, 613604013932613, 613604013934428, 613604014016649, 8191
613604014129944, 613604823203149, 613604823221889, 613604823222889, 613604823318758, 613604833036913, 613604833038691, 613604833105783, 8192
613604833210430, 613605642372448, 613605642390633, 613605642391578, 613605642485632, 613605652219528, 613605652221454, 613605652295823, 8191
613605652400730, 613606461535859, 613606461553044, 613606461554007, 613606461685006, 613606472037895, 613606472039969, 613606472125042, 8192
613606472235355, 613607280617215, 613607280631974, 613607280633067, 613607280726881, 613607290451202, 613607290452999, 613607290524720, 8191
613607290632960, 613608099832959, 613608099849588, 613608099850570, 613608099952717, 613608109682464, 613608109684279, 613608109767667, 8192
613608109878555, 613608918928518, 613608918946333, 613608918947296, 613608919038332, 613608928760894, 613608928762709, 613608928832560, 8191
613608928928707, 613609738107670, 613609738126929, 613609738127966, 613609738231150, 613609747953045, 613609747954860, 613609748033285, 8192
613609748134692, 613610557237895, 613610557255636, 613610557256654, 613610557350746, 613610567072864, 613610567074660, 613610567144622, 8191
613610567242825, 613611376421954, 613611376438787, 613611376439768, 613611376540064, 613611386260682, 613611386262496, 613611386339384, 8192
613611386435272, 613612195543365, 613612195561698, 613612195562753, 613612195657567, 613612205440944, 613612205442999, 613612205529183, 8191
613612205642034, 613613014724664, 613613014741793, 613613014742793, 613613014846922, 613613024568058, 613613024569836, 613613024638613, 8192
613613024745538, 613613833832334, 613613833850982, 613613833851797, 613613833948018, 613613843677043, 613613843678895, 613613843754524, 8191
613613843852856, 613614653039225, 613614653054818, 613614653055818, 613614653159687, 613614662881064, 613614662882824, 613614662957897, 8192
613614663053359, 613615472139081, 613615472155729, 613615472156710, 613615472253969, 613615481975753, 613615481977698, 613615482049493, 8191
613615482148825, 613616291332454, 613616291347713, 613616291348583, 613616291453360, 613616301183015, 613616301184848, 613616301261718, 8192
613616301356939, 613617110433994, 613617110450346, 613617110451346, 613617110547623, 613617120274555, 613617120276389, 613617120347962, 8191
613617120446961, 613617929638885, 613617929656719, 613617929657645, 613617929763273, 613617939481243, 613617939483058, 613617939552835, 8192
613617939653463, 613618748727167, 613618748740000, 613618748740963, 613618748833295, 613618758554395, 613618758556209, 613618758631246, 8191
613618758731189, 613619567924910, 613619567939743, 613619567940798, 613619568055131, 613619577775378, 613619577777193, 613619577853025, 8192
613619578067634, 613620387033265, 613620387047894, 613620387048950, 613620387141504, 613620396857678, 613620396859511, 613620396929936, 8191
613620397028769, 613621206239063, 613621206258452, 613621206259396, 613621206362080, 613621216087569, 613621216089383, 613621216165586, 8192
613621216269492, 613622025344548, 613622025360622, 613622025361677, 613622025454806, 613622035171979, 613622035173757, 613622035258219, 8191
613622035351811, 613622844526031, 613622844546365, 613622844547235, 613622844642993, 613622854366204, 613622854368000, 613622854438906, 8192
613622854530146, 613623663630757, 613623663647960, 613623663648905, 613623663742107, 613623673467892, 613623673469670, 613623673541484, 8191
613623673637742, 613624482820814, 613624482833296, 613624482834518, 613624482938369, 613624492665727, 613624492667523, 613624492747726, 8192
613624492842503, 613625301933224, 613625301950798, 613625301952039, 613625302048371, 613625311768286, 613625311770082, 613625311855470, 8191
613625311959487, 613626121134356, 613626121151078, 613626121152134, 613626121252651, 613626131670706, 613626131672798, 613626131747816, 8192
613626131852852, 613626940232581, 613626940248636, 613626940249673, 613626940345172, 613626950067105, 613626950068883, 613626950144419, 8191
613626950350676, 613627759426027, 613627759445268, 613627759446231, 613627759550230, 613627769278884, 613627769280681, 613627769350884, 8192
613627769453846, 613628578524234, 613628578542974, 613628578543900, 613628578633770, 613628588358628, 613628588360424, 613628588427294, 8191
613628588527626, 613629397723180, 613629397737050, 613629397738032, 613629397844308, 613629407566945, 613629407568778, 613629407652684, 8192
613629407758998, 613630216833182, 613630216847016, 613630216847979, 613630216943978, 613630226662558, 613630226664410, 613630226740187, 8191
613630226840038, 613631036050221, 613631036094646, 613631036095572, 613631036200164, 613631045912226, 613631045914059, 613631045990225, 8192
613631046091002, 613631855138464, 613631855153446, 613631855154409, 613631855249333, 613631865116950, 613631865119005, 613631865190356, 8191
613631865294355, 613632674326244, 613632674342725, 613632674343706, 613632674446742, 613632684180953, 613632684182786, 613632684284951, 8192
613632684395839, 613633493428746, 613633493441283, 613633493442320, 613633493535486, 613633503253955, 613633503255752, 613633503343547, 8191
613633503450472, 613634312621396, 613634312639932, 613634312641136, 613634312745728, 613634322463494, 613634322465401, 613634322538585, 8192
613634322634492, 613635131725861, 613635131739657, 613635131740750, 613635131835378, 613635141559996, 613635141561829, 613635141639106, 8191
613635141743550, 613635950946417, 613635950966010, 613635950966991, 613635951074027, 613635960804071, 613635960805867, 613635960881977, 8192
613635960986402, 613636770023216, 613636770040994, 613636770041975, 613636770137252, 613636779855444, 613636779857259, 613636779923499, 8191
613636780031238, 613637589217662, 613637589234847, 613637589235791, 613637589334716, 613637599057964, 613637599059982, 613637599128926, 8192
613637599228443, 613638408326516, 613638408342812, 613638408343830, 613638408440311, 613638418162281, 613638418164114, 613638418237872, 8191
613638418335482, 613639227514202, 613639227532369, 613639227533202, 613639227630479, 613639237355300, 613639237357133, 613639237432096, 8192
613639237534446, 613640046641982, 613640046660148, 613640046661111, 613640046755573, 613640056480839, 613640056482691, 613640056551672, 8191
613640056655893, 613640865823020, 613640865846038, 613640865846853, 613640865949667, 613640875678655, 613640875680581, 613640875751006, 8192
613640875852727, 613641684938410, 613641684955892, 613641684956818, 613641685049039, 613641694776527, 613641694778212, 613641694853026, 8191
613641694945544, 613642504140263, 613642504157226, 613642504158207, 613642504264984, 613642513985435, 613642513987157, 613642514074212, 8192
613642514181044, 613643323237895, 613643323255432, 613643323256413, 613643323350153, 613643333907039, 613643333909243, 613643333990335, 8191
613643334184703, 613644142430340, 613644142448173, 613644142449192, 613644142553802, 613644152282382, 613644152284234, 613644152360752, 8192
613644152460825, 613644961527749, 613644961544804, 613644961545767, 613644961637896, 613644971359347, 613644971361125, 613644971437309, 8191
613644971534475, 613645784197009, 613645784216212, 613645784217249, 613645784322896, 613645794077125, 613645794079088, 613645794170716, 8192
613645794287419, 613646599835307, 613646599850455, 613646599851436, 613646599941787, 613646609664238, 613646609666016, 613646609755348, 8191
613646609861570, 613647419019937, 613647419034567, 613647419035548, 613647419139825, 613647428860498, 613647428862313, 613647428938812, 8192
613647429039996, 613648238145790, 613648238160512, 613648238161549, 613648238258974, 613648247980518, 613648247982351, 613648248064239, 8191
613648248162423, 613649057329421, 613649057346013, 613649057346994, 613649057446030, 613649067176167, 613649067178056, 613649067247981, 8192
613649067348720, 613649876418515, 613649876434237, 613649876435163, 613649876532032, 613649886251650, 613649886253409, 613649886324594, 8191
613649886457537, 613650695627182, 613650695641385, 613650695642385, 613650695747551, 613650705463891, 613650705465687, 613650705545686, 8192
613650705656537, 613651514743664, 613651514761701, 613651514762664, 613651514859089, 613651524577762, 613651524579614, 613651524655225, 8191
613651524752057, 613652333926276, 613652333942831, 613652333943794, 613652334046534, 613652343768540, 613652343770374, 613652343842540, 8192
613652343943872, 613653153035870, 613653153053906, 613653153054888, 613653153150165, 613653162871745, 613653162873560, 613653162948689, 8191
613653163048206, 613653972226296, 613653972243740, 613653972244592, 613653972346313, 613653982066801, 613653982068579, 613653982142004, 8192
613653982237892, 613654791317482, 613654791337000, 613654791337815, 613654791434425, 613654801158728, 613654801160543, 613654801230265, 8191
613654801324560, 613655610512630, 613655610530075, 613655610531056, 613655610626388, 613655620355988, 613655620357784, 613655620430857, 8192
613655620528412, 613656429634039, 613656429648205, 613656429649298, 613656429744815, 613656439468914, 613656439470729, 613656439545451, 8191
613656439647375, 613657248837298, 613657248853575, 613657248854446, 613657248955352, 613657258665896, 613657258667729, 613657258745747, 8192
613657258842579, 613658067938706, 613658067954391, 613658067955410, 613658068058964, 613658077777174, 613658077778952, 613658077856877, 8191
613658078058968, 613658887144428, 613658887161243, 613658887162224, 613658887270927, 613658896996952, 613658896998748, 613658897071840, 8192
613658897179339, 613659706240318, 613659706254984, 613659706255929, 613659706355780, 613659716079342, 613659716081194, 613659716172600, 8191
613659716275006, 613660525434355, 613660525452280, 613660525453336, 613660525556446, 613660535282323, 613660535284138, 613660535363878, 8192
613660535459303, 613661344549985, 613661344568392, 613661344569392, 613661344666354, 613661354386842, 613661354388676, 613661354463564, 8191
613661354566211, 613662163739299, 613662163754244, 613662163755262, 613662163862002, 613662173583916, 613662173585768, 613662173663860, 8192
613662173763136, 613662982838411, 613662982855800, 613662982856800, 613662982947336, 613662993307688, 613662993309706, 613662993393261, 8191
613662993496908, 613663802017133, 613663802033392, 613663802034300, 613663802142502, 613663811866083, 613663811868009, 613663811947119, 8192
613663812069247, 613664621137745, 613664621154393, 613664621155430, 613664621247484, 613664630968528, 613664630970324, 613664631043249, 8191
613664631138341, 613665440322800, 613665440339337, 613665440340318, 613665440444669, 613665450164213, 613665450165990, 613665450236397, 8192
613665450335063, 613666259445374, 613666259462763, 613666259463818, 613666259561447, 613666269290916, 613666269292750, 613666269364823, 8191
613666269465081, 613667078614244, 61366707862